181.7994
181.7994
181.7994
181.7994
181.7994
181.7994
181.7994
181.7994
181.7994
181.7994
181.7994
181.7994
181.7994
181.7994
181.7994
181.7994
181.7994
181.7546
181.4352
181.4777
181.5315
181.539
181.7226
182.0017
182.2346
181.9392
181.8561
181.8396
181.2513
181.2781
180.8288
180.8996
181.2253
181.3026
181.0518
180.6711
180.1659
180.424
180.5049
180.3422
180.4333
180.3916
180.3205
180.1763
180.2452
180.3587
180.3538
180.2464
180.4612
181.3881
181.3706
181.2605
180.9338
181.1156
181.498
181.9787
182.5768
182.6645
182.4972
182.7151
183.5145
183.6158
183.18
183.2803
183.7765
183.2265
182.3926
181.9189
179.4292
180.0794
179.571
178.6339
177.0977
177.0314
177.604
178.5301
177.7962
177.4268
179.17
173.5716
179.702
176.5603
174.1057
180.5755
180.1447
180.2422
178.9273
178.2313
177.9484
178.4112
177.9683
177.131
175.6775
172.2924
171.0367
174.7729
174.3238
171.7826
173.3988
173.4407
176.1315
176.2016
174.7997
175.8644
175.9183
173.1845
176.0663
172.9743
174.0737
177.6513
174.1349
177.321
177.4106
174.3006
177.3259
175.1133
177.3821
177.1516
177.1516
177.6078
177.1864
176.9156
176.9156
177.1794
176.9319
176.4791
177.4203
177.8399
178.1163
178.0663
178.1501
178.5178
178.4635
178.4635
178.098
179.2323
179.49
180.122
180.122
180.0451
179.6481
179.4777
179.8295
180.2818
180.6682
180.538
181.2126
181.6521
181.9436
181.7043
181.4064
181.2529
180.8749
180.2868
180.2779
180.1287
180.5716