0.200000000000001
0.200000000000001
0.200000000000001
0.200000000000001
0.200000000000001
0.200000000000001
0.200000000000001
0.200000000000001
0.200000000000001
0.200000000000001
0.200000000000001
0.200000000000001
0.200000000000001
0.200000000000001
0.200000000000001
0.200000000000001
0.200000000000001
0.200000000000001
0.200000000000001
0.200000000000001
0.200000000000001
0.200000000000001
0.200000000000001
0.200000000000001
0.200000000000001
0.200000000000001
0.200000000000001
0.200000000000001
0.200000000000001
0.200000000000001
0.200000000000001
0.200000000000001
0.200000000000001
0.200000000000001
0.200000000000001
0.200000000000001
0.200000000000001
0.200000000000001
0.200000000000001
0.200000000000001
0.200000000000001
0.200000000000001
0.200000000000001
0.200000000000001
0.200000000000001
0.200000000000001
0.200000000000001
0.200000000000001
0.200000000000001
0.200000000000001
0.2
0.2
0.2
0.2
0.2
0.2
0.2
0.2
0.2
0.2
0.2
0.2
0.2
0.2
0.2
0.2
0.2
0.2
0.2
0.2
0.2
0.2
0.2
0.2
0.2
0.2
0.2
0.2
0.2
0.209677419354839
0.2
0.204838709677419
0.209677419354839
0.2
0.2
0.2
0.2
0.2
0.2
0.2
0.2
0.2
0.2
0.204838709677419
0.204838709677419
0.2
0.2
0.204838709677419
0.204838709677419
0.204838709677419
0.2
0.2
0.2
0.2
0.2
0.204838709677419
0.2
0.204838709677419
0.204838709677419
0.2
0.204838709677419
0.2
0.2
0.204838709677419
0.2
0.204838709677419
0.2
0.2
0.2
0.2
0.2
0.2
0.2
0.2
0.2
0.2
0.2
0.2
0.2
0.2
0.2
0.2
0.2
0.2
0.2
0.2
0.2
0.2
0.2
0.2
0.2
0.2
0.2
0.2
0.2
0.2
0.2
0.2
0.2
0.2
0.2
0.2
0.2
0.2
0.2
0.2
0.2