250
250
250
250
250
250
250
250
250
249
249
249
249
249
248
248
248
355
368
402
409
414
414
414
414
408
406
402
400
399
398
392
390
388
427
434
468
478
495
497
497
492
488
484
479
469
461
457
447
439
428
426
425
440
445
461
458
449
447
446
444
435
426
414
403
387
369
361
353
345
345
335
341
339
336
337
332
324
322
313
305
300
293
286
276
273
266
266
260
260
256
258
252
249
245
240
235
227
223
220
214
203
197
191
181
178
177
177
170
165
166
165
166
163
162
156
153
149
142
137
132
131
124
118
115
115
111
109
107
106
102
103
102
99
95
91
88
87
87
86
86
84
81
78
78
80
83
81
80
79
79
76
72
72
71
72
73
75
75
75
76
77
75
76
76
75
70
70
69
66
63
61
61
59
59
59
61
58
57
54
57
58
58
58
55
53
53
50
50
48
43
43
39
37
36
37
38
39
38
40
41
41
40
39
39
38
35
35
35
34
32
32
30
30
30
30
29
27
29
29
31
32
32
31
30
29
28
27
25
25
25
25
22
22
21
21
22
21
21
22
21
21
21
20
19
19
18
17
15
15
14
13
12
12
12
12
12
10
10
10
9
9
8
6
6
4
4
3
3
3
3
3
3
3
3
3
2
2
2
1
1
1
1
0
0
0
0
0
0
0
0
0
0
0
0
0
0
0
0
0
0
0
0
0
0
0
0
0
0
0
0
0
0
0
0
0
0
0
0
0
0
0
0
0
0
0
0
0
0
0
0
0
0
0
0
0
0
0
0
0
0
0
0
0
0
0
0
0
0
0
0
0
0
0
0
0
0
0
0
0
0
0
0
0
0
0
0
0
0
0
0
0
0
0
0
0
0
0
0
0
0
0
0
0
0
0
0
0
0
0
0
0
0
0
0
0
0
0
0
0
0
0
0
0
0
0
0
0
0
0
0
0
0
0
0
0
0
0
0
0
0
0
0
0
0
0
0
0
0
0
0
0
0
0
0
0
0
0
0
0
0
0
0
0
0
0
0
0
0
0
0
0
0
0