39.88457
39.88457
39.88457
39.88457
39.88457
39.88457
39.88457
39.88457
39.88457
39.88457
39.88457
39.88457
39.88457
39.88457
39.88457
39.88457
39.88457
39.96718
40.00668
40.03222
40.03013
40.06694
40.13263
40.12445
40.1186
40.09805
40.06606
40.06982
39.94202
39.93002
39.90379
39.88709
39.84929
39.78742
39.67779
39.77105
39.80334
39.70778
39.73231
39.83149
39.81924
39.8453
39.82527
39.73682
39.7843
39.69337
39.7417
39.69038
39.83754
39.90897
39.91034
40.07165
40.28926
40.23863
40.21179
40.35399
40.40377
40.36875
40.42867
40.5472
40.48228
40.35548
40.26471
40.39542
40.33174
40.26142
40.17471
40.22235
40.3123
40.45836
40.64112
40.88426
40.68258
40.60665
40.49861
40.38927
40.17797
40.26049
40.34164
39.07702
40.41603
39.75937
39.41927
40.77335
40.82915
40.60229
40.57101
40.5683
40.57285
40.51908
40.44241
40.42775
40.38096
39.74615
39.78884
40.58949
40.47855
39.68824
39.68284
39.75413
40.39838
40.50402
40.34281
40.20659
40.54473
39.92791
40.65076
39.75426
39.79506
40.24896
39.41845
39.93606
39.96021
39.21903
39.86451
39.47145
40.26065
40.17333
40.17333
40.09946
40.14955
40.15781
40.15781
40.05459
40.03086
39.99929
40.12503
40.22821
40.09869
40.06314
40.09105
40.08732
40.0517
40.0517
40.07195
39.98386
39.93751
39.93233
39.93233
40.02525
40.13043
40.16384
40.17068
40.21746
40.11574
40.20975
40.15824
40.09552
40.21731
40.32025
40.3246
40.31096
40.20419
39.83751
39.78629
39.87425
39.82777