6.096661
6.096661
6.096661
6.096661
6.096661
6.096661
6.096661
6.096661
6.096661
6.096661
6.096661
6.096661
6.096661
6.096661
6.096661
6.096661
6.096661
6.104
6.122825
6.081768
6.074415
6.06013
6.074184
6.071127
6.064896
6.04336
6.028518
6.028405
6.036745
6.057049
6.082129
6.077778
6.071619
6.062154
6.009653
6.006806
6.035544
6.042159
6.101131
6.112286
6.096845
6.10816
6.093511
6.074598
6.071962
6.074172
6.033961
6.015563
6.00736
5.965311
5.970056
5.98479
5.972343
5.947252
5.96781
5.946112
5.926461
5.92008
5.919918
5.929674
5.928582
5.925107
5.929237
5.980169
5.981725
6.004286
6.02692
6.043892
6.054819
6.076283
6.054114
6.066384
6.081383
6.057405
6.087483
6.100885
6.104583
6.08192
6.109788
6.140118
6.1339
6.143915
6.141406
6.154635
6.177097
6.182403
6.228049
6.262002
6.284329
6.284373
6.245755
6.261686
6.217502
6.18897
6.163372
6.211946
6.252241
6.293075
6.297743
6.324078
6.303743
6.282324
6.283813
6.260224
6.237554
6.256913
6.261666
6.219256
6.181446
6.191372
6.217146
6.236048
6.24752
6.289792
6.218096
6.258799
6.250648
6.208693
6.197446
6.179364
6.184231
6.236895
6.254543
6.254543
6.316814
6.301017
6.271219
6.251635
6.303714
6.319166
6.227836
6.227836
6.219357
6.22565
6.14778
6.161387
6.161387
6.170455
6.162107
6.2243
6.215814
6.272777
6.272777
6.226048
6.192859
6.17468
6.152204
6.152204
6.082574
6.090837
6.124343
6.158481
6.042918
6.061009
6.132203
6.107119
6.017138
5.998647
5.967071
5.971064
5.947514
5.924582
5.942834
6.008121
6.022033
6.013896
6.013896
6.068954
6.068954
6.13731
6.129354
6.165229
6.261488
6.340031
6.396284
6.397785
6.409234
6.433441
6.433441
6.452633
6.452633
6.676257
6.60194
6.575208
6.580104
6.640061
6.799953
6.849503
6.884975
6.951824
6.951824
6.907115
6.878895
6.882688
6.882688
6.932282
6.837735
6.837735
6.752921
6.690692
6.599051
6.599051
6.684052
6.764637
6.836166
6.782145
6.782145
6.782145
6.746593
6.746593
6.746593
6.746593
6.746593
6.72741
6.809429
6.855686
6.588542
6.246511
6.246511
6.246511
6.246511
6.246511
5.932247
5.932247
5.973819
5.866086
5.740791
5.740791
5.645287
5.669955
5.669955
5.669955
5.669955
5.669955
5.557116
5.404872
5.404872
5.158864
5.179845
4.970249
4.970249
4.970249
4.970249
4.970249
4.897584
4.857388
4.986465
4.897496
4.839389
4.850404
4.850404
5.114641
5.114641
5.114641
5.114641
5.048524
5.049577
5.02171
5.082392
5.194914
5.194914
5.194914
5.169217
5.329821
5.179791
5.178621
5.255467
5.255467
5.255467
5.255467
5.255467
5.255467
5.255467
5.242719
5.329978
5.210416
5.210416
5.210416
5.247653
5.247653
5.247653
5.379705
5.647587
5.641937
5.780358
5.897595
6.070164
6.070164
6.070164
6.070164
6.087811
6.156586