190.1981
190.1981
190.1981
190.1981
190.1981
190.1981
190.1981
190.1981
190.1981
190.1981
190.1981
190.1981
189.8015
189.8015
189.8015
189.8015
189.8015
193.349
192.9035
192.8795
191.6538
191.9514
191.6152
192.7258
192.7258
192.7258
192.7258
192.7258
192.7258
192.7258
192.0776
191.3586
191.0695
191.297
192.8647
193.0784
192.7064
193.3117
193.5676
193.8049
194.5614
194.5329
194.0346
194.4881
193.8808
193.8808
193.501
193.501
193.2282
193.247
193.4064
194.0155
193.4434
191.9216
192.071
191.5996
191.6413
191.6477
191.166
191.0086
191.108
191.6868
191.8704
190.6209
190.3913
189.6332
189.8107
190.0656
190.7259
191.211
191.0579
192.8429
192.9826
194.4136
194.8948
196.2466
197.4996
197.7401
197.9949
199.2508
200.1167
200.4483
201.5968
201.7045
201.9201
201.4786
202.3106
203.5019
203.8122
204.6101
203.8351
202.9145
203.0849
202.8474
202.1864
201.4218
200.5051
199.3985
199.7269
199.5019
200.0178
199.2236
198.4895
198.9994
198.9949
199.7063
199.2339
200.1189
201.8199
202.7322
202.7142
202.3115
202.7005
202.1529
201.5592
200.6334
201.1326
201.0819
200.1876
198.6109
198.9581
199.4823
200.3298
200.3815
199.4861
199.4861
198.6819
199.559
198.7747
198.2942
195.6464
196.9149
195.5939
195.2001
196.2716
195.1799
195.5867
196.523
197.0795
196.9882
196.9793
195.3175
194.7116
194.1718
193.0539
193.2253
192.0851
192.332
189.9749
190.4762
190.049
189.1101
191.5071
190.6488
190.8783
191.9409
191.8737
190.8365
190.7226
189.9641
189.1804
189.9534
190.1005
190.3841
192.5089
193.8569
193.7453
192.6956
191.489
191.0317
192.5141
193.8247
191.6065
190.9617
190.9617
191.0707
191.6423
190.8733
192.5579
193.2086
194.7499
195.7313
196.1501
195.6032
195.6032
195.6112
198.2328
197.593
199.8149
197.0063
196.5001
197.5924
195.9405
193.023
192.8448
192.749
193.787
193.105
190.5495
191.4984
191.4849
186.2724
186.2724
186.6209
190.0475
192.0068
189.9143
190.1361
189.5694
189.4027
192.5924
192.1053
191.7781
191.7781
189.3775
189.1967
186.3531
188.3403
189.5835
190.7754
190.7754
189.7641
190.615
192.3779
193.8284
197.3891
197.3891
197.0566
196.058
197.5757
198.4358
199.9549
202.471
203.9634
202.6654
202.6654
201.1443
201.4747
201.4747
202.0694
203.1847
201.4968
200.4054
199.7326
199.6758
198.9011
199.355
197.3887
197.7421
199.7549
197.9646
198.6839
198.6521
196.8939
195.9203
194.2728
197.735
197.2456
202.2044
202.2044
204.9343
206.4389
206.1431
205.7823
209.896
206.9201
205.4811
205.4811
204.3934
204.3934
202.6319
201.0269
201.0269
201.0269
202.1371
200.3065
200.6006
198.1145
198.1145
197.823
196.5903
196.5903
194.6633
194.6633
195.065
193.8343
193.4737
193.4737
193.4737
191.8989
191.8989
192.7966