0.396745827810107
0.396745827810107
0.396745827810107
0.396745827810107
0.396745827810107
0.396745827810107
0.396745827810107
0.396745827810107
0.396745827810107
0.396745827810107
0.396745827810107
0.396745827810107
0.394999816804368
0.394999816804368
0.394999816804368
0.394999816804368
0.394999816804368
0.38644692555387
0.386398891446938
0.390664327794206
0.391694880541217
0.39517378795255
0.394136767855469
0.392720103689139
0.392720103689139
0.392720103689139
0.392720103689139
0.392720103689139
0.392720103689139
0.392720103689139
0.393198745427481
0.39137321437182
0.39119828774167
0.391055342790419
0.393556775747018
0.394633278549924
0.396693318602632
0.398286520994607
0.396109801780726
0.397375368238735
0.400981290873683
0.400675974621095
0.400577441846729
0.398760803359927
0.39919879586248
0.39919879586248
0.397227684495051
0.397227684495051
0.397900785678271
0.397113473000573
0.39791073532672
0.398685967150296
0.399895834260066
0.401905318275161
0.401283961140655
0.401136042476176
0.401515854237878
0.402244748200054
0.402077098542533
0.398532377146918
0.397069035394049
0.395866679432394
0.396105185597375
0.396929353887
0.396263306587088
0.397873232917215
0.399338269813383
0.399248946192758
0.400441864091382
0.400941085529775
0.39914944481829
0.399006673269949
0.399276134939797
0.393850091555416
0.3963946270553
0.394629041035566
0.393357744530519
0.394370255815555
0.393669562379537
0.395773951358356
0.398099855567785
0.3972609911658
0.400144781663851
0.400648474744902
0.399329092818776
0.39816050937717
0.397210119650001
0.39820177791592
0.398157925023439
0.400534513742212
0.398428823090009
0.397547001388312
0.396545521644513
0.393020409243674
0.395960787290514
0.396727116731109
0.399005401907617
0.398862660424456
0.399513695311871
0.399372698711359
0.402534858793877
0.404295136873445
0.406414152693766
0.406296520242133
0.403256583068378
0.401531524201192
0.402200383387885
0.400534381827932
0.402789979406033
0.402130782155665
0.401802077702768
0.403959556589729
0.400654048923404
0.400320415346781
0.401061357287655
0.400787663338045
0.402103257452812
0.402554905833794
0.405268991391296
0.406860898466415
0.410078020903776
0.409479569868654
0.413492944106485
0.41521851730084
0.414808797539685
0.414808797539685
0.415470964988601
0.41819947798287
0.419365911916268
0.419728132991717
0.419190708595778
0.417179579111459
0.415076079054816
0.414847289905566
0.414985528884161
0.416061841990036
0.418833724491461
0.418531130197807
0.416576699879799
0.41614365221436
0.416276012779779
0.419341397011269
0.418961516305714
0.419318073106435
0.419057668868762
0.416468214241144
0.417617901379438
0.418466447326169
0.41507534369908
0.415828831155211
0.415925876806813
0.418894061512984
0.413201040934388
0.412959588909299
0.410531600130984
0.412260001543052
0.409924038346566
0.410470372738013
0.409656993234903
0.410947358781769
0.41126634304018
0.408080053205034
0.409428456245346
0.406991379056143
0.408927115332954
0.408681043520294
0.404873831735698
0.403943888868162
0.399528166759043
0.398871530365846
0.398518238581395
0.399827979022375
0.403162264478146
0.404262654137081
0.404262654137081
0.407628505262643
0.407592216094976
0.408740253723248
0.408813400285782
0.408287201549622
0.404094167161745
0.404395779964709
0.404948307324101
0.402977795809911
0.402977795809911
0.402974551426606
0.40180869064106
0.398419850807883
0.400800980910197
0.39959929743639
0.398046354213007
0.402859426922414
0.402559984093798
0.397537693038418
0.395950586501145
0.395393407184675
0.398314773223789
0.395210012440718
0.390517383671044
0.391950521529147
0.394633629655729
0.392228378917225
0.392228378917225
0.401956367881055
0.395651601259919
0.395860886548476
0.401772151989086
0.405213903943084
0.406336053134974
0.403410405400747
0.401921893576846
0.400743827780928
0.399224680522759
0.399224680522759
0.395779941189646
0.398109918849314
0.39826026878928
0.398975616990316
0.400343466342983
0.401406850490484
0.401406850490484
0.398631995884037
0.39699726779814
0.392573870439797
0.393014010303767
0.389683510713632
0.389683510713632
0.391865345026894
0.391680720593878
0.391808161593567
0.390068229766397
0.38985386107342
0.382228099965998
0.383270113450709
0.385199795451102
0.385199795451102
0.385661442691795
0.386840997245617
0.386840997245617
0.384672285686492
0.386348529871939
0.384376778648308
0.381164458181986
0.38359117443982
0.383011822689922
0.380408060111219
0.383738705715782
0.381961228982065
0.382990133084294
0.385435200667408
0.383043450001161
0.384628934718931
0.382398000265824
0.382143087699918
0.382215690973724
0.382657999276127
0.381953896595438
0.38534194390965
0.385100012821743
0.385100012821743
0.385827004387283
0.384369400133952
0.386630340889354
0.377388740773805
0.386674064215266
0.394305797124213
0.39374511402995
0.39374511402995
0.395999790693076
0.395999790693076
0.398370808189257
0.394972169186482
0.394972169186482
0.394972169186482
0.393565557554057
0.391155495745168
0.389797015432718
0.391562430839063
0.391562430839063
0.397200859415375
0.398101725962613
0.398101725962613
0.402136091082895
0.402136091082895
0.40046627018111
0.399038649700248
0.399034338937224
0.399034338937224
0.399034338937224
0.397385796076297
0.397385796076297
0.400469846741169