79
79
79
79
79
79
79
79
79
79
79
79
78
78
78
78
78
120
123
135
138
147
148
151
151
151
151
151
151
151
150
148
147
146
161
163
178
182
193
195
202
203
205
204
203
203
201
201
199
197
196
203
200
207
208
210
210
212
211
214
214
213
214
215
213
210
204
202
202
201
202
200
203
202
207
207
207
208
206
202
202
196
195
190
184
185
179
175
172
170
165
165
163
164
163
166
163
160
157
157
155
155
150
149
145
147
146
144
144
144
142
142
138
139
140
138
140
140
140
133
131
128
127
126
122
122
120
117
117
116
111
110
113
111
111
113
116
117
117
117
115
113
110
109
107
102
97
97
98
98
98
97
98
101
101
99
100
98
97
96
91
90
88
86
87
88
87
88
87
86
85
86
88
87
87
84
85
83
81
82
78
77
77
75
75
74
74
75
72
78
79
80
75
74
73
71
71
70
69
67
66
62
62
60
59
57
59
60
63
63
65
64
65
65
66
66
63
64
63
62
62
62
61
61
61
62
62
64
63
64
63
62
61
61
63
63
60
58
58
59
58
60
59
61
62
61
63
64
65
61
60
61
60
59
58
55
54
53
51
51
52
51
52
49
49
50
48
48
49
49
48
46
46
46
46
43
39
39
39
40
39
39
39
39
38
39
38
38
38
37
37
36