0.5130577
0.5130577
0.5130577
0.5130577
0.5130577
0.5130577
0.5130577
0.5130577
0.5130577
0.5130577
0.5130577
0.5130577
0.5130577
0.5130577
0.5130577
0.5130577
0.5130577
0.5136048
0.5110797
0.510612
0.510612
0.5098933
0.509194
0.508758
0.508758
0.5095266
0.5087385
0.5096783
0.5083265
0.5083622
0.5090456
0.5081769
0.5075673
0.5068274
0.5052605
0.5057703
0.5064051
0.5064253
0.5049971
0.5052891
0.5048295
0.5051684
0.5050255
0.5056628
0.505982
0.5068791
0.5068132
0.5064486
0.5061736
0.5062672
0.5061125
0.506178
0.5063375
0.5074435
0.5066793
0.5063188
0.5061256
0.5064889
0.5068529
0.5063782
0.5061379
0.5059276
0.5057661
0.5055124
0.5052738
0.5053546
0.5055023
0.5052836
0.5049019
0.5040169
0.5036994
0.5034308
0.5032294
0.5031624
0.5027685
0.5023547
0.501988
0.5017623
0.5002511
0.500627
0.5007812
0.5010378
0.5016539
0.5020242
0.5022714
0.5027909
0.5023786
0.5014356
0.501825
0.5025764
0.501604
0.5016214
0.5014667
0.5023576
0.5031275
0.5017876
0.5018883
0.5017816
0.5029564
0.5040438
0.5025155
0.5025887
0.5012539
0.4998216
0.4990272
0.498835
0.4994394
0.5000501
0.499852
0.4984802
0.4979871
0.4979871
0.4984165
0.4984165
0.4977885
0.4970383
0.4959976
0.4966231
0.4972819
0.498974
0.4994285
0.499948
0.4976953
0.497857
0.4993932
0.4982676
0.4959518
0.4971088
0.4977177
0.4964996
0.4964996
0.4975355
0.496512
0.4972637
0.4982378
0.4982378
0.4995023
0.5005759
0.4976681
0.4956486
0.4943834
0.4937769
0.49166
0.4898544
0.4906605
0.4906605
0.4883188
0.4889048
0.4860323
0.4839721
0.4905819
0.4891376
0.4865667
0.4865679
0.4873801
0.4896498
0.4896498