179.832
179.832
179.832
179.832
179.832
179.832
179.832
179.832
179.832
179.832
179.832
179.832
179.832
179.832
179.832
179.832
179.832
175.743
175.4724
178.3358
178.2364
179.5472
179.5535
179.5692
179.5692
179.5692
179.5692
180.5789
181.1982
181.1982
181.1982
181.1982
181.8279
182.3395
181.9226
183.7588
186.8436
186.3785
186.5271
186.4839
186.221
186.813
187.2108
188.1513
188.9681
189.2545
190.1448
190.1448
190.8415
190.8415
192.1734
191.8346
192.2404
192.0623
191.4995
191.2793
187.8112
188.5741
188.2851
189.0413
189.5892
189.9945
190.1411
191.8089
192.192
192.5664
193.0164
193.39
193.806
194.1098
194.4223
194.1493
194.119
194.7842
195.1124
193.2542
193.8256
193.8192
193.5254
194.1973
194.064
193.7631
193.6908
194.083
193.5686
193.6598
196.6761
195.9019
196.872
197.424
198.5766
199.3536
200.8428
201.5147
200.8584
200.8659
201.3787
202.1317
201.7974
203.2716
203.855
204.5998
204.6723
205.2249
206.1931
206.1891
206.1843
203.0744
203.8704
205.2576
205.2601
205.7065
206.9386
205.8859
205.6989
206.2138
206.4232
205.8187
206.351
206.5878
205.567
205.8564
206.3035
205.5471
204.4659
205.6207
203.32
202.8391
201.3246
201.571
202.692
202.5179
203.8428
206.6024
206.6024
206.8879
206.8879
206.5822
207.0606
207.7074
204.446
203.9382
204.5401
206.2338
205.8261
204.468
206.3886
205.0262
202.0582
201.0294
200.4466
199.0309
197.031
197.0646
196.1555
195.5103
195.6541
195.7845
196.1178
195.1075
195.0975
196.1467
195.6422
195.8275
196.5208
197.399
198.0328
197.3371
196.7136
197.6046
197.2374
196.8552
196.0485
196.7702
197.4896
199.5826
198.8323
198.555
199.8239
200.3974
203.341
202.105
201.7455
201.6918
200.5242
199.9005
201.1319
199.8934
199.0593
199.9109
200.2328
200.1514
199.9131
199.531
199.3262
199.3715
199.6254
197.9883
197.9671
197.3002
197.0916
197.0987
197.9106
197.9513
197.2225
198.7479
197.3777
197.0807
197.4817
196.4622
196.5229
196.2313
196.7974
196.2926
195.6766
194.9318
194.9318
194.8053
194.6193
193.4387
194.9492
192.5113
192.65
194.9427
195.5905
195.1855
194.2546
193.8543
193.308
195.195
195.8245
196.155
196.6406
196.5916
197.5522
199.9864
199.5483
197.2579
197.2579
194.9877
194.6251
195.2655
196.064
194.5
195.8379
195.3851
195.8953
197.898
198.9037
198.7522
199.2875
200.7815
198.2632
199.2296
200.2387
202.9041
203.9352
202.9152
202.4922
200.4722
201.0582
200.9451
202.0756
202.0138
202.3926
202.3926
202.4648
201.2961
201.2961
201.7219
202.4011
200.3699
201.2352
200.8153
196.9482
195.8972
196.7717
195.1212
195.1212
192.7319
195.6167
194.3359
194.0498
194.0269
193.7859
193.7859
192.4986
193.0246
193.0246
192.1522
191.6434
191.6434
191.6434
192.3083
191.8577
192.1598
200.1678
198.5812
199.7145
199.3878
196.8893
195.2635
196.6848
196.6848
196.6848
198.043
196.2639
196.2639
196.2639
196.8132
199.1083
199.1083
194.4857
192.7518
193.1785
191.5948
191.5519
191.5519
190.8762
190.8762
192.717
192.0699
190.245
189.1607
189.1607
189.1607
189.5251
189.5251
189.5251
194.0318
194.0318
194.0318
195.1187
195.2419
195.2419
194.6186
191.6068
191.6068
196.7466
196.7466
196.7466
196.7466
197.5186
201.1803
201.1803
196.9702
196.9702
196.9702
189.848
186.5184
193.9405
196.417
196.417
196.417
196.417
202.647
199.1283
199.1283
200.638
200.638
200.638
199.9351
199.9351
199.9351
199.453
199.453
199.453
191.3246
187.1367
189.8462
193.3347
189.452
189.452
189.452
189.452
189.452
188.4817
188.4817
188.4817
188.4817
188.4817
188.4817
188.4817
188.4817
193.301
188.9499
187.7257
184.3435
184.3435
184.3435
184.3435
185.2181
185.2181
185.2181
185.2181
185.2181
185.2181
185.2181
185.2181
185.2181
185.2181
185.2181
185.2181
185.2181
185.2181
185.2181
185.2181
185.2181
185.2181
199.9481
199.9481
199.9481
199.9481
199.9481
199.9481
199.9481
199.9481
199.9481
199.9481
199.9481
199.9481
199.9481
213.8007
213.8007
213.8007
213.8007
213.8007
213.8007
213.8007
213.8007
213.8007
189.4774
189.4774
189.4774
189.4774
189.4774
189.4774
211.5222
0
0
0
0
0
0
0
0
0
0
0
0
0
0
0
0