250
250
250
250
250
250
250
250
250
250
250
250
250
250
250
250
250
413
417
419
418
414
413
412
410
408
404
403
402
399
394
392
389
384
485
495
499
497
495
490
486
485
483
480
478
474
472
470
468
466
462
508
520
504
478
453
435
419
406
387
365
351
338
328
321
311
304
302
330
345
346
339
326
315
304
294
282
273
263
255
249
247
241
238
235
258
273
272
271
269
262
254
250
242
239
232
225
221
220
215
210
208
216
229
231
227
227
221
220
219
215
210
203
197
194
189
187
182
180
186
199
203
202
203
202
194
190
184
183
177
175
172
171
167
164
159
161
173
180
179
178
175
176
176
173
170
168
164
162
158
155
154
152
154
169
172
169
171
166
163
161
155
153
152
149
149
146
146
145
143
144
154
160
162
159
156
155
154
154
152
153
149
147
146
146
146
144
143
149
151
156
157
156
155
153
153
152
155
151
151
151
147
144
141
139
147
149
151
152
155
156
155
157
159
155
158
156
157
159
156
153
156
162
166
167
166
168
169
167
166
167
167
171
175
176
179
182
183
188
196
201
198
204
202
200
202
205
206
206
207
215
217
219
223
227
232
243
249
253
257
261
261
264
265
267
268
268
278
285
288
294
308
315
325
337
346
360
368
372
373
378
385
389
392
405
416
420
431
448
459
471
491
509
526
543
560
572
585
600
611
618
640
656
664
677