19.75298
19.75298
19.75298
19.75298
19.75298
19.75298
19.75298
19.75298
19.75298
19.75298
19.75298
19.75298
19.75298
19.75298
19.75298
19.75298
19.75298
19.80514
19.80145
19.81264
19.79283
19.78951
19.80102
19.79881
19.82325
19.85117
19.86703
19.88331
19.88947
19.87916
19.93451
19.97274
19.94251
19.99468
20.035
20.0488
20.07678
20.11118
20.11751
20.13586
20.16385
20.16422
20.19239
20.20239
20.20877
20.21251
20.19048
20.21476
20.20823
20.21943
20.23904
20.16147
20.32387
20.5071
20.55352
20.59987
20.69803
20.72834
20.76748
20.74487
20.78865
20.84397
20.84272
20.83019
20.92456
21.03408
21.11164
21.07802
21.21995
21.18243
21.29661
21.22877
21.33579
21.3
21.2421
21.3459
21.34656
21.3463
21.50167
21.58336
21.65135
21.62161
21.72829
21.71817
21.72261
21.99264
21.90751
21.97193
21.93501
21.92856
21.95189
22.07467
22.12726
22.07924
22.07148
22.10202
22.02227
22.01091
21.99699
22.08901
22.2098
22.30442
22.4622
22.12496
22.19123
22.17583
22.25117
22.1977
22.16297
22.20224
22.18596
22.16124
22.054
22.01862
22.00954
22.08859
22.04767
22.11564
22.02309
22.02565
22.02347
22.00875
21.70829
21.63322
21.66478
21.60782
21.62607
21.76052
21.68869
21.60654
21.69286
21.6636
21.62902
21.67739
21.71863
21.48338
21.67557
21.51152
21.45469
21.31067
21.29781
21.41414
21.41752
21.41752
21.39187
21.38648
21.46937
21.49305
21.48037
21.40363
21.46508
21.49563
21.60536
21.78041
21.86762
21.77143
21.7431
21.59128
21.36615
21.54866
21.58673
21.55743
21.50082
21.56086
21.57458
21.57458
21.62595
21.62595
21.55538
21.43167
21.50986
21.82767
22.26508
22.21462
21.84301
21.73597
21.82413
21.80336
21.8968
21.883
21.91866
21.85767
21.97336
21.99872
21.99872
21.99872
21.97503
21.95791
22.64104
22.39967
22.87359
22.71245
22.78319
22.9865
23.01801
22.92017
22.96923
23.09562
23.14344
23.10467
23.13219
23.23988
23.32689
23.18571
22.86784
23.57585
23.71351
24.02565
23.99321
23.80586
23.76327
23.80576
23.5148
23.4108
23.32633
23.35371
23.36339
23.16954
23.17129
23.04461
23.24341
23.05229
23.52991
23.42459
23.73109
23.90667
23.76371
23.64975
23.66387
23.74734
23.86873
23.66924
23.62412
23.38914
23.31438
23.39777
23.53033
23.35097
23.30899
23.61941
23.46731
23.03654
23.46446
23.46488
23.47797
23.41059
23.34142
23.33746
23.27673
23.34461
23.1368
22.91443
22.91768
22.66117
22.39931
22.31651
22.6137
22.41278
22.45691
22.79566
23.05584
23.14624
23.29119
23.30742
23.31447
23.13243
23.18175
23.04341
22.85981
22.69378
22.5437
22.26507
22.19026
22.17979
22.11636
22.05112
22.16016
22.2376
22.16851
22.31782
22.63825
22.61052
22.6179
22.67956
22.50879
22.27917
22.23592
22.28102
22.12213
21.97798
22.04528
22.03032
21.86818
21.99443
21.93148
21.90357
21.82017
22.17928
22.12454
21.97679
22.21396
22.37207
22.05673
22.00066
22.06238