2.932237
2.932237
2.932237
2.932237
2.932237
2.932237
2.932237
2.932237
2.932237
2.932237
2.932237
2.932237
2.932237
2.932237
2.932237
2.932237
2.932237
2.877673
2.881992
2.882246
2.882969
2.886147
2.888067
2.887781
2.891315
2.890424
2.892504
2.893282
2.895717
2.896363
2.895571
2.896936
2.900958
2.906569
2.870534
2.874336
2.878425
2.883576
2.88519
2.888765
2.887016
2.888677
2.891405
2.892947
2.894415
2.898675
2.89982
2.902134
2.904147
2.904811
2.907317
2.908945
2.896133
2.896287
2.897818
2.890229
2.900753
2.908517
2.912858
2.916255
2.904395
2.914284
2.921167
2.922311
2.926112
2.934143
2.931803
2.933566
2.893493
2.890966
2.894328
2.900271
2.895982
2.900367
2.897139
2.898797
2.900988
2.900996
2.883464
2.875388
2.874017
2.867965
2.868593
2.867116
2.866226
2.807608
2.789778
2.78976
2.785202
2.786065
2.79233
2.778942
2.789176
2.79891
2.794664
2.775973
2.766463
2.768414
2.767097
2.776309
2.760686
2.747876
2.70929
2.680393
2.67901
2.702907
2.696666
2.687509
2.691522
2.690976
2.69821
2.699175
2.692235
2.682067
2.679819
2.688563
2.70198
2.706562
2.699646
2.686425
2.665605
2.69274
2.665709
2.661784
2.660535
2.653793
2.661969
2.678122
2.681063
2.687052
2.679819
2.653606
2.65667
2.659054
2.658974
2.652878
2.635978
2.594752
2.634556
2.616762
2.629239
2.635245
2.623957
2.623957
2.63184
2.640038
2.623699
2.630871
2.638241
2.63937
2.650389
2.65406
2.63749
2.630759
2.588124
2.633017
2.653661
2.652687
2.638122
2.640595
2.617469
2.62926
2.600378
2.604807
2.60814
2.60814
2.624482
2.624482
2.614805
2.623012
2.602397
2.611408
2.60418
2.63885
2.659545
2.638859
2.660178
2.641107
2.627629
2.623543
2.609931
2.604176
2.613274
2.606023
2.606023
2.606023
2.597232
2.576561
2.561057
2.536409
2.590996
2.614635
2.61034
2.59738
2.629009
2.610996
2.593324
2.582996
2.592562
2.581883
2.548323
2.538393
2.529657
2.540454
2.553185
2.515063
2.482275
2.497013
2.504482
2.500699
2.493145
2.50509
2.5093
2.496872
2.487297
2.480757
2.483938
2.443976
2.450122
2.44141
2.444274
2.445367
2.38997
2.361846
2.356857
2.394284
2.38693
2.386996
2.3934
2.399103
2.370674
2.389498
2.386399
2.383655
2.367695
2.371791
2.385485
2.389678
2.369545
2.385914
2.36119
2.329995
2.334138
2.308636
2.324102
2.318862
2.315659
2.308205
2.262225
2.265349
2.262639
2.24856
2.257586
2.275434
2.258429
2.248674
2.28021
2.271443
2.258363
2.255445
2.24979
2.231944
2.226651
2.233223
2.229848
2.241777
2.240315
2.23251
2.224777
2.214968
2.221601
2.219752
2.20369
2.219146
2.234054
2.244622
2.233363
2.231027
2.232204
2.243656
2.237495
2.218951
2.221543
2.218865
2.238377
2.225065
2.239161
2.252582
2.249173
2.23375
2.235878
2.239552
2.240955
2.23071
2.213652
2.218377
2.238798
2.230499
2.214283
2.220515
2.218862
2.238601
2.225357
2.226236
2.243814