0.408170787346671
0.408170787346671
0.408170787346671
0.408170787346671
0.408170787346671
0.408170787346671
0.408170787346671
0.408170787346671
0.408170787346671
0.408170787346671
0.408170787346671
0.408170787346671
0.408170787346671
0.408170787346671
0.408170787346671
0.408170787346671
0.408170787346671
0.412929022466573
0.412124889492128
0.411797610720517
0.411735936075308
0.412134715844014
0.412325298914262
0.412205077419144
0.412259779333668
0.412266985094447
0.412998412650364
0.413101396401264
0.41268475281017
0.412527197260762
0.412482480346929
0.412166816369121
0.411400660860993
0.410640449736876
0.415900855193472
0.414403901450627
0.413833899977873
0.413821506160047
0.413973967064911
0.414534650831964
0.414446985214101
0.414550984508496
0.414954508620291
0.414586986208338
0.414894147348251
0.414772862556492
0.414389157176878
0.41415370378032
0.414032064960924
0.414620566131843
0.414661104751802
0.419843585176528
0.41538902075271
0.414409377926192
0.41445329802145
0.41416833193984
0.415195453651691
0.415856287847609
0.415465175078412
0.41247881793751
0.412476681598408
0.413055746575874
0.41301214341679
0.413352361689387
0.414246896616542
0.415663919121844
0.416240542993442
0.416661250824457
0.42323717245169
0.41716121174178
0.415003980231769
0.414588445790274
0.414105088309756
0.413444272824807
0.413002196412578
0.411511130448883
0.412867834554757
0.412578330634554
0.411660565747771
0.413106167761685
0.413285693536564
0.412776048234099
0.412949779555546
0.413827219571682
0.414829852970475
0.420486530304835
0.416472980458118
0.413405534912939
0.41089744962278
0.407434929449471
0.405771307636844
0.404735716277385
0.40595762381086
0.404843010890737
0.404854221287627
0.402251149051537
0.403570685511844
0.403075266037517
0.403438624657652
0.404455208661665
0.405626536317478
0.405292214210275
0.408842171910181
0.40641374788095
0.403313491117564
0.402072083769615
0.401935651219489
0.400003431780634
0.399753653059238
0.400026497126228
0.398853005888143
0.400645561224987
0.400685381202057
0.403850319309553
0.403473399782508
0.403033707806506
0.402220634839077
0.401557633802275
0.400811576462764
0.402963490155099
0.401221890716531
0.398669162839535
0.398776069281672
0.399036195486864
0.399210817755913
0.392938555302413
0.393721321892847
0.38872993926736
0.388243273874386
0.389784218751332
0.387836701677294
0.388601303140457
0.388000580223642
0.3884830103012
0.390870345888323
0.393795807655204
0.394994508032053
0.401887273531259
0.398546664817343
0.399538764296249
0.395403481571619
0.394544442209998
0.393248043152007
0.393248043152007
0.391927326225671
0.39166118701131
0.391008715781096
0.392550015559611
0.392293679994161
0.394552125792567
0.395062208498274
0.395433950598031
0.397161820865752
0.401032132007137
0.404583525834766
0.401809256505875
0.397131285165168
0.396217926533401
0.398647212613112
0.398040305807827
0.397556599165968
0.396563894678699
0.394343212078785
0.394732551254612
0.394136242988359
0.394136242988359
0.393970421703701
0.393970421703701
0.39272880704237
0.393277335794036
0.397575207483499
0.405108490485482
0.398772362182232
0.396985171640409
0.396509977805232
0.394659205931839
0.39492713467774
0.394229839850332
0.39609647150074
0.394988310199375
0.392084537096248
0.392421573938919
0.394210823907974
0.391220734006186
0.391220734006186
0.391220734006186
0.391266576883766
0.391092447491849
0.398704940323771
0.400483204572486
0.39916306792375
0.395678550897606
0.393140946770334
0.392249280635963
0.387091671378233
0.389860704562563
0.391033249640911
0.389156846302552
0.383490331542877
0.383684600320054
0.385639614245774
0.387102627852896
0.38917353547824
0.390422645591509
0.385231315180265
0.400820921092931
0.401348085196803
0.399444384135939
0.39829632013923
0.396970489106993
0.3940683226671
0.394657872628976
0.391291940032705
0.389405070655217
0.38950108077061
0.385269500774457
0.381373767352971
0.380963229669126
0.381294669811831
0.378467512624684
0.380770597729921
0.380180141343537
0.395609308738995
0.401077446238229
0.400188540450283
0.39870909544145
0.400826219971482
0.397457347939747
0.39684490394507
0.400630470136217
0.40451664493257
0.404547454808264
0.400298094317217
0.399517372202453
0.397592033272294
0.397778246998212
0.395808536070254
0.392450812720034
0.391193643230779
0.405240111050873
0.408232627890488
0.40423367309195
0.400912433081196
0.404755860469382
0.405588025695144
0.403623903788628
0.406593417995931
0.409490102020925
0.410073349929835
0.408084024939764
0.411303170278012
0.40948962655311
0.409118159569717
0.408228632251905
0.405232599069687
0.402863305353059
0.411154235831707
0.411849474089843
0.411408315799005
0.410412920974518
0.411245253341666
0.411536511868364
0.409578832584639
0.413560148474494
0.415731163351379
0.414063534069807
0.412904838139415
0.419271231855459
0.418872838317595
0.417597520379359
0.418443388435083
0.414269340021733
0.416736522958737
0.421940809910139
0.421330715113098
0.419438614018879
0.417906893417365
0.417483968381888
0.415921785960281
0.413784168206008
0.41550484712319
0.41788290924852
0.418187391663657
0.41716798255099
0.427759948455081
0.425534068609649
0.42437396310955
0.427464221089517
0.430044938721912
0.426962761493588
0.430181133128945
0.434301308843383
0.430917015532467
0.430624125373904
0.428301267273383
0.425705909670344
0.421573357154258
0.422106128479163
0.422338520321668
0.417556667533474
0.418013354233645
0.427539499708162
0.426713585735902
0.426013785243954
0.429239958624578