180.1755
180.1755
180.1755
180.1755
180.1755
180.1755
180.1755
180.1755
180.1755
180.1755
180.1755
180.1755
180.1755
180.1755
180.1755
180.1755
180.1755
182.5574
182.652
182.5761
182.5685
182.6655
182.7266
182.7236
182.825
182.8515
182.8839
182.9049
182.8882
182.9441
182.9341
182.9517
182.9
182.8663
184.5419
184.8834
184.8233
184.808
184.8285
184.8858
184.9036
184.8865
184.9108
184.8449
184.8079
184.8047
184.7455
184.8124
184.8494
184.937
185.0277
186.4356
187.4252
187.766
188.3117
188.8742
189.1702
189.4255
189.6387
189.9234
190.0963
190.3636
190.5217
190.6888
190.7339
191.1093
191.2258
191.3106
192.1987
192.8456
193.3293
193.7162
194.1319
194.6253
194.8868
195.0241
195.1379
195.4849
195.3851
195.2756
195.3488
195.4147
195.5078
195.4343
195.3128
195.1031
195.2732
195.1455
195.5839
195.5321
196.0713
196.3049
196.5367
196.9842
197.0232
197.1189
197.3265
197.2434
197.2185
197.1372
197.0516
197.1209
196.8496
196.954
197.3602
197.7152
197.7983
197.9537
198.3703
198.4739
198.6813
198.5288
198.5698
198.593
198.6128
198.3587
198.2412
197.9924
198.0232
198.1306
198.3411
198.6392
198.8292
199.0486
199.1099
199.9355
200.5257
200.6759
200.7512
201.2046
201.1113
201.1996
201.236
201.4733
201.3235
201.2356
201.3193
201.1388
201.7559
201.9202
202.5619
202.8612
203.8436
203.8436
204.2955
204.2099
203.9229
204.097
204.0723
204.5125
204.7926
204.8501
204.7522
204.5583
204.5368
205.2998
205.3784
206.1056
207.6933
209.014
209.4801
210.5691
211.685
211.754
211.7953
211.7953
212.133
212.133
212.3598
212.097
212.0836
211.9246
211.5602
211.3729
212.2789
212.7911
213.9091
214.0822
214.4695
215.4603
216.8132
217.4739
217.5219
218.1458
218.1458
218.1458
218.7297
218.1079
217.4288
216.8166
216.5251
217.7329
218.6591
219.185
219.8319
220.4912
220.8527
222.5166
223.1319
223.616
224.8958
225.3359
225.6393
226.4139
226.3452
226.1777
225.6899
225.0712
225.4189
225.8627
226.6511
226.9552
229.0774
229.5811
230.9372
232.7906
233.8344
234.8
236.3656
236.69
237.1785
238.3773
237.5633
236.9948
236.8244
237.7782
238.8285
239.3284
239.2877
240.6137
241.8806
242.3644
243.3741
245.475
246.9614
247.4157
248.5235
249.3963
251.6216
251.2635
250.0332
250.454
251.0286
253.2946
253.889
253.7909
254.7501
255.3863
256.4696
257.5909
259.6983
260.1701
260.531
262.2561
263.8201
266.1993
266.5717
265.7221
266.0939
266.8023
267.6817
267.8248
268.6707
270.2521
271.7303
272.749
273.137
274.8097
275.7706
275.9849
276.5949
278.1455
279.6465
279.3929
279.7528
280.011
281.248
281.4089
282.3394
283.1608
284.8211
286.1942
286.3545
286.4832
287.8124
288.1791
288.2178
288.781
290.1564
290.8588
290.5243
291.5451
292.2358
293.3945
293.0759
293.8826
294.9951
295.727
296.6808
297.6726
297.7981
299.194
299.7021
299.7002
300.2247