0.388668189203892
0.388668189203892
0.388668189203892
0.388668189203892
0.388668189203892
0.388668189203892
0.388668189203892
0.388668189203892
0.388668189203892
0.388668189203892
0.388668189203892
0.388668189203892
0.388668189203892
0.388668189203892
0.388668189203892
0.388668189203892
0.388668189203892
0.388668189203892
0.391759283710725
0.390042877789799
0.391039644208194
0.390912435374508
0.390912435374508
0.390912435374508
0.390912435374508
0.390912435374508
0.390912435374508
0.390912435374508
0.390912435374508
0.390912435374508
0.390912435374508
0.390912435374508
0.390912435374508
0.390912435374508
0.390912435374508
0.390912435374508
0.390912435374508
0.395426423762444
0.393789121211387
0.394256904690893
0.392931880042386
0.392931880042386
0.392931880042386
0.392931880042386
0.392931880042386
0.392931880042386
0.392931880042386
0.392931880042386
0.392931880042386
0.392931880042386
0.392931880042386
0.393557563943559
0.394676636771316
0.394377571161073
0.39433044818923
0.39310161644716
0.401788230505092
0.402372246008066
0.40323103790324
0.402848710358381
0.400388383446255
0.39881579328693
0.397546937938267
0.40249147960165
0.403856097994592
0.403049511863179
0.403204776268731
0.400830603272707
0.402695400970625
0.402695400970625
0.404652191004431
0.40406399936787
0.401199647246697
0.401199647246697
0.409683850929737
0.410170760556946
0.411319975662463
0.422263322714548
0.416127594016204
0.417430687116267
0.413966585678643
0.423418352018424
0.424856763497265
0.428527845824882
0.420258591564508
0.422451339616139
0.427242627835945
0.427242627835945
0.423281830474949
0.423281830474949
0.423281830474949
0.423281830474949
0.425217171688452
0.434362867051041
0.432542093653949
0.443009827843924
0.443009827843924
0.430946857694806
0.434388836708619
0.442721662781186
0.441219707467807
0.450614174816298
0.450961061910758
0.450961061910758
0.450961061910758
0.450961061910758
0.440852778275418
0.440852778275418
0.444096090837761
0.444096090837761
0.444096090837761
0.444096090837761
0.461435169206573
0.462826448501225
0.475527378780056
0.475527378780056
0.472817367795536
0.486715537846539
0.486715537846539
0.486715537846539
0.498245794646539
0.498245794646539
0.503078744840038
0.503078744840038
0.503078744840038
0.503078744840038
0.500620881826926
0.500620881826926
0.500620881826926
0.512623344614584
0.512623344614584
0.519083563756854
0.519083563756854
0.53991812087451
0.53991812087451
0.550919095491114
0.550919095491114
0.579329356269794
0.579329356269794
0.579329356269794
0.570878052991921
0.570878052991921
0.570878052991921
0.570878052991921
0.570878052991921
0.570878052991921
0.570878052991921
0.570878052991921
0.570878052991921
0.570878052991921
0.56565848854205
0.582183044745352
0.582183044745352
0.571333569475874
0.577192215446168
0.577192215446168
0.577192215446168
0.649584081635697
0.649584081635697
0.649584081635697
0.649584081635697
0.649584081635697
0.649584081635697
0.649584081635697
0.649584081635697
0.649584081635697
0.649584081635697
0.649584081635697
0.640713454095856
0.640713454095856
0.653048925631622
0.653048925631622
0.653048925631622
0.66410149913936
0.64684627101506
0.64684627101506
0.64684627101506
0.64684627101506
0.666196640680825
0.666196640680825
0.666196640680825
0.666196640680825
0.666196640680825
0.666196640680825
0.666196640680825
0.666196640680825
0.666196640680825
0.666196640680825
0.654341790906223
0.658421556281051
0.658421556281051
0.684368874525457
0.677364312701097
0.677364312701097
0.649377638121682
0.649377638121682
0.649377638121682
0.649377638121682
0.649377638121682
0.649377638121682
0.649377638121682
0.649377638121682
0.649377638121682
0.649377638121682
0.649377638121682
0.649377638121682
0.649377638121682
0.628173616187471
0.640225355775169
0.640225355775169
0.640225355775169
0.635565145350444
0.635565145350444
0.635565145350444
0.671223651820107
0.671223651820107
0.671223651820107
0.644752362490977
0.644752362490977
0.644752362490977
0.644752362490977
0.644752362490977
0.644752362490977
0.644752362490977
0.644752362490977
0.644752362490977
0.619308487626077
0.619308487626077
0.619308487626077
0.619308487626077
0.619308487626077
0.628922960330167
0.628922960330167
0.628922960330167
0.628922960330167
0.628922960330167
0.628922960330167
0.628922960330167
0.628922960330167
0.628922960330167
0.628922960330167
0.628922960330167
0.628922960330167
0.592830149758568
0.592830149758568
0.556336434155195
0.556336434155195
0.556336434155195
0.556336434155195
0.556336434155195
0.556336434155195
0.556336434155195
0.556336434155195
0.556336434155195
0.55588406864745
0.55588406864745
0.55588406864745
0.55588406864745
0.55588406864745
0.55588406864745
0.55588406864745
0.55588406864745
0.55588406864745
0.532674839312942
0.499550466071384
0.499550466071384
0.499550466071384
0.499550466071384
0.499550466071384
0.499550466071384
0.499550466071384
0.499550466071384
0.499550466071384
0.499550466071384
0.499550466071384
0.499550466071384
0.499550466071384
0.499550466071384
0.499550466071384
0.499550466071384
0.463336498907721
0.463336498907721
0.470809009017466
0.44754565984041
0.44754565984041
0.44754565984041
0.44754565984041
0.44754565984041
0.44754565984041
0.44754565984041
0.44754565984041
0.44754565984041
0.44754565984041
0.44754565984041
0.44754565984041
0.461954024145256
0.461954024145256
0.461954024145256
0.461954024145256
0.461954024145256
0.415735258776753
0.447793453058599
0.428529931686983
0.428529931686983
0.428529931686983