80
80
80
80
80
80
80
80
80
80
80
80
80
80
80
80
80
80
92
93
95
96
96
96
96
96
96
96
96
96
96
96
96
96
96
96
96
103
104
105
106
106
106
106
106
106
106
106
106
106
106
105
104
103
102
99
98
93
90
86
76
72
65
57
52
51
50
49
47
47
46
45
43
43
44
43
42
40
39
37
35
32
31
30
29
28
27
27
26
26
26
26
25
26
27
27
27
28
27
25
24
23
22
22
22
22
21
21
19
19
19
19
21
22
22
22
21
20
20
20
19
19
17
17
17
17
16
16
16
15
15
16
16
17
17
16
16
15
15
15
13
13
13
13
13
13
13
13
13
13
15
16
16
13
12
12
12
10
10
10
10
10
10
10
10
10
10
10
11
11
11
11
11
10
9
9
9
9
8
8
8
8
8
8
8
8
8
8
9
10
10
9
8
8
7
7
7
7
7
7
7
7
7
7
7
7
7
8
9
9
9
8
8
8
7
7
7
6
6
6
6
6
6
6
6
6
8
8
8
8
8
7
7
7
7
7
7
7
7
7
7
7
7
6
6
8
8
8
8
8
8
8
8
8
7
7
7
7
7
7
7
7
7
6
8
8
8
8
8
8
8
8
8
8
8
8
8
8
8
8
6
6
7
8
8
8
8
8
8
8
8
8
8
8
8
7
7
7
7
7
6
7
8
8
8