29.43973
29.43973
29.43973
29.43973
29.43973
29.43973
29.43973
29.43973
29.43973
29.43973
29.43973
29.43973
29.43973
29.43973
29.43973
29.43973
29.43973
29.43973
29.69
29.70394
29.79609
29.85848
29.85848
29.85848
29.85848
29.85848
29.85848
29.85848
29.85848
29.85848
29.85848
29.85848
29.85848
29.85848
29.85848
29.85848
29.85848
30.36558
30.37688
30.52169
30.47125
30.47125
30.47125
30.47125
30.47125
30.47125
30.47125
30.47125
30.47125
30.47125
30.47125
30.4874
30.40604
30.39877
30.4045
30.48461
30.63841
30.63932
30.98359
31.21237
31.51515
31.58827
31.48133
32.30949
32.76692
32.68144
32.62498
32.64749
32.57583
32.57583
32.50118
32.61208
32.44756
32.44756
32.73775
33.19687
33.20097
33.60451
33.79666
34.04107
33.98863
34.20079
34.14965
34.39169
34.21527
34.31769
34.44593
34.44593
34.60046
34.60046
34.60046
34.60046
34.78739
33.03977
33.53387
33.84925
33.84925
33.82687
33.35016
34.41234
33.53563
33.62236
33.66467
33.66467
33.66467
33.66467
33.03551
33.03551
32.46817
32.46817
32.46817
32.46817
31.33055
32.1305
32.03398
32.03398
31.61827
31.3912
31.3912
31.3912
31.01574
31.01574
31.80185
31.80185
31.80185
31.80185
31.46299
31.46299
31.46299
32.74728
32.74728
31.05955
31.05955
31.16898
31.16898
30.6461
30.6461
30.43405
30.43405
30.43405
29.47232
29.47232
29.47232
29.47232
29.47232
29.47232
29.47232
29.47232
29.47232
29.47232
29.22983
29.62863
29.62863
27.82683
28.3038
28.3038
28.3038
29.49842
29.49842
29.49842
29.49842
29.49842
29.49842
29.49842
29.49842
29.49842
29.49842
29.49842
27.96912
27.96912
29.51145
29.51145
29.51145
30.25452
29.96541
29.96541
29.96541
29.96541
27.5949
27.5949
27.5949
27.5949
27.5949
27.5949
27.5949
27.5949
27.5949
27.5949
26.26984
26.97105
26.97105
26.81174
27.67455
27.67455
26.92523
26.92523
26.92523
26.92523
26.92523
26.92523
26.92523
26.92523
26.92523
26.92523
26.92523
26.92523
26.92523
25.96814
28.2346
28.2346
28.2346
29.30167
29.30167
29.30167
28.40057
28.40057
28.40057
27.1989
27.1989
27.1989
27.1989
27.1989
27.1989
27.1989
27.1989
27.1989
28.03384
28.03384
28.03384
28.03384
28.03384
30.2278
30.2278
30.2278
30.2278
30.2278
30.2278
30.2278
30.2278
30.2278
30.2278
30.2278
30.2278
29.27723
29.27723
29.48831
29.48831
29.48831
29.48831
29.48831
29.48831
29.48831
29.48831
29.48831
31.46245
31.46245
31.46245
31.46245
31.46245
31.46245
31.46245
31.46245
31.46245
31.1592
32.44159
32.44159
32.44159
32.44159
32.44159
32.44159
32.44159
32.44159
32.44159
32.44159
32.44159
32.44159
32.44159
32.44159
32.44159
32.44159
32.31631
32.31631
35.46478
34.22092
34.22092
34.22092
34.22092
34.22092
34.22092
34.22092
34.22092
34.22092
34.22092
34.22092
34.22092
36.88833
36.88833
36.88833
36.88833
36.88833
35.44835
37.37197
36.20103
36.20103
36.20103