181.0103
181.0103
181.0103
181.0103
181.0103
181.0103
181.0103
181.0103
181.0103
181.0103
181.0103
181.0103
181.0103
181.0103
181.0103
181.0103
181.0103
181.0103
182.5371
182.5785
182.7843
182.9615
182.9615
182.9615
182.9615
182.9615
182.9615
182.9615
182.9615
182.9615
182.9615
182.9615
182.9615
182.9615
182.9615
182.9615
182.9615
184.1732
184.3512
184.4469
184.6026
184.6026
184.6026
184.6026
184.6026
184.6026
184.6026
184.6026
184.6026
184.6026
184.6026
184.6479
184.8933
184.8731
184.7663
184.8707
186.3384
186.4414
187.1104
188.2413
189.2122
189.7817
190.1431
192.081
193.0362
193.5235
193.8435
194.0429
193.9724
193.9724
194.2176
194.4226
195.1643
195.1643
195.936
196.0659
196.5017
197.2569
196.9574
197.5865
197.8694
199.5392
199.531
199.9766
200.2619
200.8128
201.7405
201.7405
201.9678
201.9678
201.9678
201.9678
202.5947
203.2234
203.3453
203.3146
203.3146
202.6098
203.1248
202.4855
202.3598
202.3457
201.779
201.779
201.779
201.779
202.5375
202.5375
203.5589
203.5589
203.5589
203.5589
203.4938
203.0172
203.6687
203.6687
203.8128
204.1435
204.1435
204.1435
205.022
205.022
202.8471
202.8471
202.8471
202.8471
201.9137
201.9137
201.9137
202.0301
202.0301
203.0139
203.0139
203.4663
203.4663
203.1978
203.1978
203.9631
203.9631
203.9631
202.4548
202.4548
202.4548
202.4548
202.4548
202.4548
202.4548
202.4548
202.4548
202.4548
203.1112
204.4019
204.4019
204.8461
204.6464
204.6464
204.6464
206.9826
206.9826
206.9826
206.9826
206.9826
206.9826
206.9826
206.9826
206.9826
206.9826
206.9826
207.6488
207.6488
211.6795
211.6795
211.6795
212.1396
212.8
212.8
212.8
212.8
215.2738
215.2738
215.2738
215.2738
215.2738
215.2738
215.2738
215.2738
215.2738
215.2738
216.479
218.7666
218.7666
220.0668
221.5027
221.5027
223.0452
223.0452
223.0452
223.0452
223.0452
223.0452
223.0452
223.0452
223.0452
223.0452
223.0452
223.0452
223.0452
225.842
227.8542
227.8542
227.8542
230.3294
230.3294
230.3294
233.7046
233.7046
233.7046
235.3616
235.3616
235.3616
235.3616
235.3616
235.3616
235.3616
235.3616
235.3616
236.8289
236.8289
236.8289
236.8289
236.8289
240.0457
240.0457
240.0457
240.0457
240.0457
240.0457
240.0457
240.0457
240.0457
240.0457
240.0457
240.0457
239.5515
239.5515
237.6351
237.6351
237.6351
237.6351
237.6351
237.6351
237.6351
237.6351
237.6351
239.2801
239.2801
239.2801
239.2801
239.2801
239.2801
239.2801
239.2801
239.2801
239.2675
239.0451
239.0451
239.0451
239.0451
239.0451
239.0451
239.0451
239.0451
239.0451
239.0451
239.0451
239.0451
239.0451
239.0451
239.0451
239.0451
237.1649
237.1649
239.7943
238.3294
238.3294
238.3294
238.3294
238.3294
238.3294
238.3294
238.3294
238.3294
238.3294
238.3294
238.3294
238.8999
238.8999
238.8999
238.8999
238.8999
237.3622
240.27
238.6971
238.6971
238.6971