4.479292
4.479292
4.479292
4.479292
4.479292
4.479292
4.479292
4.479292
4.479292
4.479292
4.479292
4.479292
4.479292
4.479292
4.479292
4.479292
4.479292
4.479292
4.459482
4.437776
4.444833
4.436985
4.436985
4.436985
4.436985
4.436985
4.436985
4.436985
4.436985
4.436985
4.436985
4.436985
4.436985
4.436985
4.436985
4.436985
4.436985
4.414659
4.406096
4.396626
4.397896
4.397896
4.397896
4.397896
4.397896
4.397896
4.397896
4.397896
4.397896
4.397896
4.397896
4.385147
4.37905
4.377762
4.369459
4.347806
4.339954
4.32628
4.316605
4.301636
4.280372
4.314936
4.249331
4.292232
4.302358
4.290516
4.318536
4.313162
4.271077
4.271077
4.263681
4.26102
4.274133
4.274133
4.311917
4.346663
4.356809
4.24179
4.2799
4.306596
4.267794
4.255771
4.273977
4.260472
4.335156
4.273444
4.249779
4.249779
4.166435
4.166435
4.166435
4.166435
4.088184
4.166493
4.187769
4.091607
4.091607
4.113481
4.066566
3.981773
4.015574
4.036942
3.992302
3.992302
3.992302
3.992302
4.096108
4.096108
4.123492
4.123492
4.123492
4.123492
4.114326
4.183774
4.007608
4.007608
4.08549
4.016901
4.016901
4.016901
3.978907
3.978907
3.902765
3.902765
3.902765
3.902765
3.928061
3.928061
3.928061
3.800922
3.800922
3.85182
3.85182
3.668371
3.668371
3.608463
3.608463
3.581207
3.581207
3.581207
3.754083
3.754083
3.754083
3.754083
3.754083
3.754083
3.754083
3.754083
3.754083
3.754083
3.949696
3.74979
3.74979
3.89865
3.86815
3.86815
3.86815
3.570435
3.570435
3.570435
3.570435
3.570435
3.570435
3.570435
3.570435
3.570435
3.570435
3.570435
3.637707
3.637707
3.37307
3.37307
3.37307
3.264947
3.528701
3.528701
3.528701
3.528701
3.264518
3.264518
3.264518
3.264518
3.264518
3.264518
3.264518
3.264518
3.264518
3.264518
3.18501
2.945407
2.945407
2.731148
2.533041
2.533041
2.790162
2.790162
2.790162
2.790162
2.790162
2.790162
2.790162
2.790162
2.790162
2.790162
2.790162
2.790162
2.790162
2.669828
2.467775
2.467775
2.467775
2.266276
2.266276
2.266276
1.681087
1.681087
1.681087
1.836068
1.836068
1.836068
1.836068
1.836068
1.836068
1.836068
1.836068
1.836068
1.645966
1.645966
1.645966
1.645966
1.645966
1.265329
1.265329
1.265329
1.265329
1.265329
1.265329
1.265329
1.265329
1.265329
1.265329
1.265329
1.265329
1.361348
1.361348
1.30039
1.30039
1.30039
1.30039
1.30039
1.30039
1.30039
1.30039
1.30039
1.122025
1.122025
1.122025
1.122025
1.122025
1.122025
1.122025
1.122025
1.122025
1.177533
1.155388
1.155388
1.155388
1.155388
1.155388
1.155388
1.155388
1.155388
1.155388
1.155388
1.155388
1.155388
1.155388
1.155388
1.155388
1.155388
1.094044
1.094044
1.060782
1.104127
1.104127
1.104127
1.104127
1.104127
1.104127
1.104127
1.104127
1.104127
1.104127
1.104127
1.104127
1.065692
1.065692
1.065692
1.065692
1.065692
1.113616
1.079169
1.137157
1.137157
1.137157