200.1082
200.1082
200.1082
200.1082
200.1082
200.1082
200.1082
200.1082
200.1082
200.1082
200.1082
200.1082
201.1581
201.0872
201.1378
201.097
201.0855
201.0527
201.0116
201.0605
201.0346
201.0423
201.0219
201.0222
201.9656
202.0087
201.995
201.9821
201.9662
202.0293
202.0356
202.0706
202.1079
202.1406
202.1269
202.1735
202.7703
203.3211
203.4134
203.7067
203.9703
204.0552
204.0803
204.3134
204.4082
204.4997
204.8882
204.9341
205.6811
206.3548
206.6531
206.8635
207.1505
206.867
206.7393
207.0049
207.1258
207.2368
207.3124
207.3507
207.5434
207.9367
208.3762
208.4353
208.7602
208.6513
208.7941
208.977
208.9898
209.2358
209.2347
209.1239
209.3091
209.7001
209.9143
210.3494
210.6238
210.1994
210.2718
210.0931
210.1361
210.1361
210.2837
210.2837
210.1366
210.521
211.0143
210.8982
210.8814
210.7403
210.4798
209.913
209.3107
209.7493
209.8193
210.51
210.7238
210.4351
210.9474
211.0348
211.0348
210.8736
210.6752
210.6921
210.7695
210.7737
210.7737
210.6515
210.5922
210.2093
210.4848
210.1744
210.1765
209.9682
210.1964
209.6471
209.6471
209.6471
210.0166
210.0166
210.3839
210.1721
209.8685
209.9569
210.081
210.081
209.7588
209.7635
210.4687
210.2095
210.2095
210.2095
210.3976
210.6086
211.4093
211.0135
210.8419
210.8419
210.8419
210.5693
210.5693
210.0803
209.6405
209.6829
209.4581
209.1786
209.6603
209.298
208.7984
209.2737
209.2737
208.8917
208.8917
208.5494
207.9405
207.9405
207.8607
208.2208
208.2208
208.2208
208.3466
208.3466
208.4114
208.1609
208.1609
207.7806
207.7806
208.0223
207.9796
208.6615
208.6611
208.6611
208.1328
207.9412
208.4797
208.3082
208.3082
207.4527
206.6623
206.6623
206.1983
206.4926
206.1978
206.8286
207.2609
207.2609
207.9373
208.1377
208.3762
208.3762
208.7154
208.7154
208.5179
208.8474
209.0393
207.677
207.9345
208.3641
208.6638
208.9977
208.9977
209.3035
209.2378
209.2378
209.0882
209.5941
209.555
209.555
208.9549
208.9697
209.2459
209.5505
210.0546
209.9375
209.9375
209.9375
209.9956
210.3041
210.1246
210.5856
210.8537
210.8575
211.0131
211.2469
211.3251
210.646
210.328
210.3393
210.1185
210.1352
209.1261
209.1261
209.335
209.7325
209.9296
209.8359
209.9922
209.3222
209.2746
209.1543
209.1843
208.7289
208.8305
208.8305
208.8305
208.9894
208.5864
208.7976
208.967
209.0404
208.5291
208.4587
208.4402
208.2088
208.2088
208.2439
207.932
207.9497
208.4302
208.507
208.8637
208.3047
208.1674
207.354
207.3261
207.92
207.843
207.2994
207.4472
207.1314
206.9149
207.4627
208.2335
208.1078
207.8221
207.6208
207.2338
207.3516
207.1006
207.2922
207.4565
207.8205
207.5264
207.9227
207.5651
207.5689
207.924
208.0324
208.4674
208.8261
208.7642
208.5218
208.7297
208.9632
208.7156
208.3053
208.6458
208.2978
208.3495
208.2922
208.1639
208.1814
208.2063
208.2579
208.328
207.6447
207.4686
207.6987
207.7212
207.7015
207.65
207.6289
207.3454
207.3179
207.2679
207.3724
207.2944
207.3792
207.4831
207.838
207.8872
208.1768
208.4072
208.2999
208.625
209.3524
209.1491
209.2439
209.0868
208.9042
208.8087
209.0865
209.6284
210.101
210.1993
210.3393
210.1941
210.7018
211.0073
211.1391
211.5348
211.8497
211.5325
211.7685
212.289
212.9344
213.0715
212.7259
212.9135
213.0165
213.524
213.6353
213.6199
213.5389
213.4806
213.6538
213.721
214.286
214.2841
214.3842
214.1759
214.4831
214.5597
214.4551
214.677
214.4179
214.423
214.7197
215.0396
215.1137
215.1821
215.2717
215.4308
215.3015
215.3093
215.0072
214.9426
214.9765
215.0943
214.9442
215.2768
215.3503
215.431
215.3399
215.185
215.4536
215.5243
215.41
215.2796
215.3698
215.1994
215.28
215.3842
215.4011
215.634
215.5583
215.8881
215.8821
216.035
216.144
216.5372
216.6313
216.968
217.0933
217.3956
217.3715
217.7823
217.5559
217.8325
218.0787
218.2081
218.3714
218.4391
218.6123
218.5547
218.6496
218.8214
219.166
219.4541
219.2822
219.0584
219.693
220.0621
219.8409
219.8035
220.029
220.4176
220.4574
220.6701
220.9091
221.2796
221.4289
221.2659
221.855
222.0959
221.8286
221.6975
221.8888
222.026
221.8427
221.9826
222.3558
222.814
222.8946
223.3935
224.0779
224.4892
224.0784
224.1249
224.565
224.3512
224.2141
224.5395
224.4005
224.858
224.8598
225.4732
225.3197
225.8093
225.9446
225.8518
226.269
226.0378
225.7964
225.8371
225.7943
226.3948
226.2436
226.4117
226.5929
226.965
227.0946
227.4865
228.2819
227.868
228.0992
228.3808
228.0577
228.2186
228.7661
228.8685
229.201
229.3977
230.059
230.0516
230.1758
229.9514
229.9494
229.6392
229.9209
230.2322
230.586
230.8319
231.5053
232.1018
232.0551
232.3078
232.4155
232.369
232.5879
232.5241
231.7261
231.9769
232.0537
232.3277
232.6079
232.9159
232.8263
233.207
233.296
232.8351
233.139
233.2698
232.6849
232.3507
232.728
233.1105
233.9306
233.7298
234.0043
234.0852
233.9714
234.0001
233.6458
233.1523
233.4508
233.6209
233.8236
234.2515
234.572
234.9817
235.3194
235.7647
235.3973
234.8708
235.3854
235.5399
235.4339
235.249
235.2228
235.6515
236.0718
236.0142
236.3015
236.2149
236.0641
236.0251
235.5379
235.9943
235.956
235.9611
236.0009
236.4809
236.8356
236.8745
237.1879
237.7816
238.5779
239.105
238.9845
239.5858
239.1651
238.318
238.6949
238.6684
239.0431
238.5095
238.7453
239.2683
238.9883
239.0807
239.0891
239.5085
239.1003
239.154
238.8823
238.7735
238.5683
238.6971
238.8056
239.0286
238.7256
239.6724
239.4505
239.601
240.145
239.6357
239.713
240.0003
240.0865
240.2787
239.9145
240.0389
240.3579
240.717
241.0763
241.3258
241.1917
241.0321
240.8995
240.9131
240.5469
240.6035
240.5477
240.8252
240.9479
240.9342
241.1444
241.2048
240.9235
240.931
240.7453
240.8362
240.7314
240.1837
241.244
241.3027
241.62
241.0383
241.0992
241.042
240.6036
240.2077
239.8689
240.0123
239.7845
239.5422
239.9727
239.8389
239.9957
240.0406
240.2403
239.9803
239.7637
240.1266
240.372
239.9403
240.0141
240.4362
240.6333
240.6966
241.1232
241.403
241.5959
241.8939
241.9063
241.5191
241.8394
241.8044
241.7675
241.8413