0.396168714741677
0.396168714741677
0.396168714741677
0.396168714741677
0.396168714741677
0.396168714741677
0.396168714741677
0.396168714741677
0.396168714741677
0.396168714741677
0.396168714741677
0.396168714741677
0.398906919902969
0.398947702718879
0.399734270097665
0.399869965377538
0.400207386075857
0.400679183997378
0.400759169829139
0.401370130541383
0.401405000202921
0.401159511059733
0.401644931122049
0.401683463279459
0.40267888214968
0.401715420460124
0.402313153744627
0.401910262103705
0.40209517771282
0.401641127075951
0.402138992791961
0.402370836989807
0.40258641092423
0.402622468442913
0.402402703232181
0.402257471993671
0.405195608638188
0.403684525787795
0.403203946787709
0.405187256937199
0.405104123889691
0.405877219631042
0.406684089854504
0.404129322908439
0.403008502458654
0.401805850181607
0.401340895161193
0.400609120685301
0.402107709496927
0.397117649122343
0.394120708964921
0.393081496715065
0.390108588237005
0.393914396653414
0.395844384468579
0.396733644518087
0.398187504423179
0.397445053039976
0.397487515340868
0.397047640982804
0.410004938943929
0.40547599685767
0.4034709320028
0.403854366599089
0.405743956304958
0.403953531766674
0.40965450493902
0.419749910025766
0.420326865066105
0.421820043267193
0.422895623698047
0.421831409745117
0.437208994399752
0.430821291754143
0.434830719566397
0.438537027779567
0.446175207285878
0.446489709558078
0.450658303089007
0.462386695394502
0.459839662074844
0.459839662074844
0.465979350684467
0.465979350684467
0.482383810544962
0.475275892465611
0.477202794628746
0.47978482988599
0.489103889793921
0.502978114494707
0.511991502386132
0.530287395461441
0.533445784738394
0.535213391218399
0.543601106926147
0.543548985824665
0.560560825245189
0.551093322686456
0.544627947672308
0.542530560003171
0.542530560003171
0.545036097907604
0.541151493931401
0.577703138033678
0.585386935036487
0.585257514472382
0.585257514472382
0.586618979819263
0.599865310415004
0.58046206410154
0.566383460071795
0.58666283734567
0.592426832818259
0.587328782989572
0.59304498465155
0.608132417157845
0.608132417157845
0.608132417157845
0.624272266871885
0.624272266871885
0.6264322235849
0.648487728803816
0.648211295928035
0.660766825189075
0.670791209752061
0.670791209752061
0.66260684686823
0.67207344134385
0.675185216486369
0.709216869552672
0.709216869552672
0.709216869552672
0.703537502335167
0.707988708404343
0.698836772266867
0.716765381876585
0.723048491818648
0.723048491818648
0.723048491818648
0.730898099944696
0.730898099944696
0.737890597678175
0.744085920307558
0.759870040429421
0.752252949701284
0.757343135243944
0.749237412001406
0.726965012074672
0.712192663606984
0.723482397219124
0.723482397219124
0.731300183499804
0.731300183499804
0.733423532990591
0.743705569817358
0.743705569817358
0.746110512002687
0.743819143963402
0.743819143963402
0.743819143963402
0.712445070552415
0.712445070552415
0.702980257988009
0.721975877700305
0.721975877700305
0.7407753886692
0.7407753886692
0.714280717498024
0.71787632263163
0.717793809878978
0.70285855512929
0.70285855512929
0.714773656242017
0.722816810165352
0.715050709537767
0.72249616781743
0.72249616781743
0.72497997826043
0.731472627013256
0.731472627013256
0.724837654100632
0.738106755421799
0.723760367657286
0.681612955803395
0.667587397343009
0.667587397343009
0.663328954945127
0.67715802911359
0.667837910726822
0.667837910726822
0.64522706773798
0.64522706773798
0.66227507118827
0.684300046292434
0.689588824825871
0.666048221032903
0.660506819146947
0.640330737052915
0.641476197401185
0.649077123568366
0.649077123568366
0.624101708885855
0.628953823348661
0.628953823348661
0.652075623654526
0.684287527055302
0.671123104797107
0.671123104797107
0.662891449553658
0.657211331090496
0.641480767265679
0.650615650460305
0.656251171895716
0.650130810238873
0.650130810238873
0.650130810238873
0.670911270150376
0.694656705050862
0.683772774726621
0.674147987401596
0.664226232854309
0.658763605141091
0.666998409214165
0.677375825574201
0.677558880495211
0.67279677450008
0.668210148022569
0.662114840060823
0.675175833903441
0.699195983171559
0.70557439661143
0.70557439661143
0.713148448433165
0.704694897225148
0.704638926439837
0.722559480506557
0.721785672641786
0.713124040641331
0.701458740791795
0.709216817478335
0.720072555143522
0.743691641419371
0.736267863616268
0.736267863616268
0.736267863616268
0.733529260736962
0.72914327712378
0.735841361650575
0.73560985589499
0.725067665891332
0.724876292491836
0.726831567092647
0.736838792211585
0.749354309841407
0.749354309841407
0.743171344969933
0.74094522288451
0.746230395099379
0.738069423954436
0.746860901580036
0.762179230853313
0.750814975540421
0.745404270590138
0.742909617370628
0.73885509617845
0.745675927371402
0.727084298075482
0.731818747423083
0.717295000169591
0.71655542190665
0.7065828362486
0.704062646200883
0.705522173134343
0.705870801179621
0.711494908920847
0.707289877878394
0.706373585724286
0.696942940144137
0.676975896206936
0.672680644681855
0.674498840899873
0.670694085642193
0.676195582238747
0.674370714611988
0.666406638214049
0.670455468491864
0.669080035376404
0.67274056050738
0.666463770901094
0.668720131749184
0.664665232581722
0.660391922131289
0.647855561677921
0.634858972256943
0.636172913240566
0.636920599625079
0.639203582842398
0.636079955832342
0.637226259416817
0.64282051104345
0.648507794151016
0.650385025402408
0.654874230211853
0.653120978315678
0.655259546083041
0.649296939454226
0.650045690818155
0.643909285176006
0.643936355600369
0.643037307143572
0.643275807304817
0.645167282263695
0.65279362123374
0.650343187957699
0.650196861369005
0.646658552737065
0.647423859868761
0.648983513182959
0.646355740961627
0.648896263633991
0.643012140138046
0.64671751801516
0.645351035282094
0.646780332165979
0.650860125185329
0.652573070808077
0.655941211260269
0.656503362237751
0.654854604397729
0.652841364463464
0.647312386520706
0.648597361804832
0.646501039483946
0.650224519439683
0.648639152080833
0.652977574870267
0.661982521472043
0.666573312720818
0.671048057748748
0.671365458368775
0.669998937521317
0.670077294698484
0.668259220779481
0.667030780539848
0.662954634092031
0.660771689029427
0.664671972734644
0.66704730474722
0.673142066872737
0.676627316931988
0.675587237987037
0.680958736376665
0.686867628821871
0.686435519979787
0.687350999110626
0.693125045608611
0.693283327868463
0.687022278235923
0.690737815786028
0.691575891892187
0.694411419109689
0.697975808629142
0.696063458108381
0.701076709637223
0.70265320124272
0.702565354044826
0.699643327217386
0.698316449485731
0.695899494843203
0.699378035971481
0.703999712536672
0.701609715343106
0.709586091374146
0.714642730158371
0.715637134897671
0.706071400310985
0.709647258250833
0.71604321516118
0.713904923557195
0.716707384899418
0.719168165492564
0.724959222900117
0.728905237804099
0.72709354967024
0.731432403445055
0.733333064613075
0.733145955588372
0.729694597023094
0.726134501709865
0.738033940842455
0.738248139130947
0.744240984081932
0.742934425220177
0.747481643114981
0.752200472877631
0.751148169502807
0.757274830741962
0.755107242889766
0.76073750326989
0.753640670602361
0.746508293941267
0.743565899306169
0.743469012044256
0.742832251800647
0.742036252822418
0.745187879286892
0.743327861926491
0.7411449921663
0.735209526369067
0.738966199892186
0.741086052137113
0.741942560615093
0.738130195238201
0.740126762169459
0.737030233515905
0.741255711318454
0.743672689420609
0.740432360325929
0.743603943181386
0.741424845388173
0.74126827542058
0.746073435688494
0.747838837050252
0.745462364732988
0.743886296769986
0.745936988210849
0.737054167729366
0.741221915086887
0.747613730446955
0.740047286141621
0.750931988618193
0.74842899492404
0.744435013498991
0.745139088799408
0.753323760142956
0.749821400305333
0.756696776994526
0.758883841693424
0.755213655874185
0.759522962460564
0.765671829509694
0.763203558596579
0.775159618665348
0.771874266240543
0.772858145044278
0.777171555968375
0.785476621635961
0.777752975958386
0.78230124028116
0.793001482744698
0.789415746692553
0.790852787469237
0.79140260527744
0.792866180492939
0.800041614768914
0.802093072588525
0.795137016469312
0.796066796971546
0.794356876732124
0.798794009481921
0.811614355030391
0.804825474938563
0.808124901322605
0.808365721751216
0.814963480386548
0.817611025576866
0.834016080365054
0.828930244318041
0.825248084726547
0.822580175158261
0.800700655238308
0.800392470884958
0.793315052424441
0.795750978758812
0.793850102581075
0.799690605506852
0.79372405803144
0.801639306386195
0.834046819284982
0.824795289570384
0.826124312730661
0.821731199144583
0.815623866930161
0.809972552959934
0.796969318688987
0.794408819493315
0.800667991191883
0.801303347300882
0.806433868770553
0.80023077886487
0.8206702022945
0.817717342268689
0.816093005439352
0.825538178170015
0.823721836833817
0.825388708425524
0.818203207830851
0.826428161871203
0.817664654625157
0.825802288909534
0.822199971300713
0.822811831517788
0.838808027065138
0.841427175896706
0.844621100022244
0.849411709260868
0.843704635226917
0.842970836621309
0.851693239124113
0.856459376751643
0.858438269809432
0.844621316235039
0.84832123214213
0.849770111243095
0.867314432106779
0.862127761209545
0.860008217634848
0.853195574230911
0.853054888759592
0.858644581900939
0.86988857722598
0.874321933346912
0.858404259154373
0.870206545665604
0.864775653673473
0.873313753242425
0.906516726098253
0.876132734284552
0.874962328366685
0.867091590494826
0.870448568445679
0.867647031947943
0.881469998783093
0.879133346959893
0.87202351384773
0.871585461317045
0.862279167702407
0.868954240180856
0.877138464131511
0.878127198870494
0.880685070888648
0.885401665343372
0.884403474545023
0.885324063888103
0.882436249561545
0.882403808600754
0.89520084369665
0.897872873647043
0.885735128847616
0.890406384678729
0.903863008730243
0.891228795929222
0.888571973401403
0.871715180247303
0.866320956948363
0.857764742758412
0.846125674841257
0.844862045024729
0.837911801934507
0.841262722551776
0.843252002961391
0.843783247788697
0.869615214426755
0.867850824614964
0.867449143370392
0.860311999243574
0.860348167437654
0.84371245063914
0.847580385095968
0.840691241955051
0.820288825328527
0.822255698213975
0.816484541924032
0.830164203941847
0.856791691536204
0.858347669335146
0.868323735650644
0.87193722335684
0.860138550904754
0.861011536081705
0.863744342319611
0.869217454425282
0.85192999939297
0.857862703844004
0.858438854591086
0.872558742181641
0.895318995180743
0.893983254478201
0.905334684627368
0.909278017924248
0.908019380709377
0.912425366239362
0.917605779836513
0.924644964696497
0.925907277088368
0.937773145996555
0.930994834367528
0.946479447505038
0.960264639189707
0.950378692770475
0.957829727619764
0.965621360358847
0.961825131774085
0.958620211098121
0.960452864787028
0.967307470617441
0.963972742388814
0.974595588111913
0.968570291053953
0.978485519775178
0.961071658403381
0.961680147661743
0.969115669509132
0.975240933736382
0.975636347349589
0.95663379044563
0.955928269515937
0.950033724140049
0.950818160276264
0.954396614232268
0.957448031034398
0.970134857006527
0.979234813573475
0.9810848747653
0.983776532638923
0.985252594637376
0.979407894338026
0.967552123073231
0.972518912801193
0.954667275162444
0.951418434076227
0.938237109990208
0.926605303379041
0.937207433463658
0.936374141177566
0.945405663168796
0.949808813047283
0.936195021632772
0.919124992980136
0.907740746930873
0.901107271903212
0.89788981013096
0.881950201350329
0.894475548125413
0.873671110615298
0.87768013240161
0.879640737598752
0.889799373973092
0.900413742315793
0.893207979793917
0.887366340499789