19.42706
19.42706
19.42706
19.42706
19.42706
19.42706
19.42706
19.42706
19.42706
19.42706
19.42706
19.42706
19.42352
19.43507
19.50931
19.50121
19.50138
19.50316
19.54168
19.53076
19.53723
19.53065
19.58679
19.59658
19.70506
19.81828
19.85747
19.83714
19.8701
19.92976
19.93662
19.93589
19.91674
19.94442
19.98391
20.03206
19.96353
20.03811
20.14268
20.13954
20.23582
20.29844
20.32061
20.3897
20.47869
20.48565
20.60953
20.67461
20.6762
20.77021
20.93373
21.08012
21.09446
20.96179
20.96494
21.26523
21.2481
21.46453
21.30172
21.32079
21.25444
21.13406
21.17722
21.27789
21.46903
21.58709
21.19981
21.24138
21.30438
20.98332
20.81695
20.8835
21.07131
21.24965
21.11115
21.10531
21.00475
21.08205
20.98656
21.01627
21.16176
21.16176
21.33203
21.33203
21.88604
21.89101
21.86877
21.76995
21.66585
21.40872
21.08807
21.03386
21.53818
22.06253
22.09053
21.85533
22.00657
21.81989
21.58279
22.08774
22.08774
22.1782
22.30799
22.4304
22.62467
22.98642
22.98642
22.78894
23.45995
23.43491
23.47296
23.58318
23.56117
23.81254
23.51512
23.50665
23.50665
23.50665
23.30286
23.30286
23.76659
23.71774
23.88398
23.90569
24.23641
24.23641
24.53106
25.07607
25.9231
25.19329
25.19329
25.19329
25.65561
25.93397
26.32999
25.36411
24.96974
24.96974
24.96974
25.08013
25.08013
25.67775
25.4881
25.49773
26.03926
26.4097
27.3302
26.73839
27.88989
28.52516
28.52516
28.83898
28.83898
28.48798
28.64543
28.64543
29.20846
30.09123
30.09123
30.09123
30.57978
30.57978
31.26453
31.69147
31.69147
31.53872
31.53872
30.86786
31.31671
31.49885
30.84998
30.84998
31.24654
31.22344
32.09855
32.59549
32.59549
32.3025
33.07942
33.07942
33.54127
34.4558
34.35152
34.11905
34.68147
34.68147
34.59423
35.74094
36.44978
36.44978
36.79137
36.79137
36.70181
37.16218
36.9475
36.60365
36.77979
37.57536
37.3112
38.59468
38.59468
39.43887
39.16104
39.16104
38.757
38.82825
38.5629
38.5629
37.61364
37.87943
37.93267
38.38501
38.45636
39.60999
39.60999
39.60999
39.54985
39.72424
39.51418
39.49841
38.90948
38.88935
39.376
39.61157
39.6486
40.63408
40.37922
40.81931
40.09634
40.39185
40.21282
40.21282
40.36454
39.92654
39.79616
40.63285
40.89458
41.76062
41.68895
41.65202
41.73911
41.19421
41.2997
41.2997
41.2997
40.60724
40.23891
40.40887
40.82962
41.05692
41.17952
41.37445
40.67164
40.44521
40.44521
40.77763
40.76382
40.80547
40.28178
40.49268
41.03277
40.9044
40.53725
40.57389
40.56764
41.04866
40.94609
41.44797
41.24769
41.78671
41.0346
40.98576
41.07759
41.09668
41.44234
41.3871
41.17711
41.10965
41.01826
40.72794
40.80212
41.40179
40.53435
40.45609
40.20441
40.80107
40.72312
40.88294
40.82226
40.548
40.52825
40.49286
40.97345
40.90061
40.51175
40.25595
40.42176
40.36871
40.09269
40.08831
39.95266
39.79082
39.46259
39.42853
39.56642
39.50324
38.83807
38.53061
38.63139
38.33945
38.12034
38.19273
38.3764
38.40613
38.12691
38.06816
38.04373
37.91763
38.42227
38.28944
38.55848
38.18216
38.08099
38.00476
38.1105
38.09243
37.84976
37.93995
37.93316
37.83677
38.43905
38.36966
38.81721
38.97469
38.95144
38.89517
38.9057
38.87402
39.01529
39.29674
39.20359
39.14975
39.49949
39.8231
40.00795
39.64075
39.42036
39.55701
39.6403
39.52609
39.80521
40.17154
40.31738
39.94628
40.25836
40.4579
40.62066
40.2368
40.06536
39.93216
40.0611
39.9557
40.03782
40.12565
40.30988
40.00732
39.93689
39.69452
39.63662
39.82351
39.70636
39.62067
39.74083
39.56841
39.31593
39.76118
39.98813
39.75999
39.59756
39.86977
40.11864
40.01752
39.79722
39.59042
39.79467
39.6566
39.67937
39.85025
40.00548
39.89531
40.15417
40.238
40.17719
40.32662
40.39796
40.13818
40.21251
40.12449
40.31416
40.74723
40.91947
40.76313
40.85774
41.08602
41.14741
40.9426
41.07642
40.89138
41.04787
41.04916
41.11237
41.40896
41.67402
41.64798
41.74873
41.89494
42.35916
42.48415
42.42313
42.0462
41.96973
42.13272
41.8794
41.97832
41.93416
41.84658
41.98946
42.02056
42.25389
42.17779
42.34368
42.25873
42.14238
42.65644
42.76018
42.99617
42.79801
42.91586
42.96804
42.82824
43.14338
43.40496
42.99382
42.86538
42.60942
43.0505
43.19163
43.24789
42.83416
42.66749
43.07
43.1892
43.30314
43.11877
43.31326
43.40924
43.05062
43.48735
43.5675
43.3411
43.10523
43.08568
43.14269
43.51455
43.98782
44.15001
43.71862
43.88144
43.58861
44.08376
44.34255
44.21806
43.86416
43.79643
43.66958
44.21094
44.26865
44.52156
43.99843
43.6677
43.05578
43.83865
44.16729
44.19477
43.99921
44.53808
44.48311
44.93999
45.32005
45.97514
46.64132
46.13818
45.80128
46.83121
47.42445
48.16872
47.75619
47.65216
47.29298
47.45066
47.55227
47.23023
47.56646
47.18903
47.19758
47.74507
47.27684
47.30206
47.36043
47.47002
47.83132
48.11948
48.24049
48.98909
49.63052
49.99115
49.36011
50.03204
49.74196
50.35188
50.44635
50.48365
50.72359
51.03004
50.2886
50.86312
51.49834
51.69813
51.48154
51.3549
51.20243
51.15823
51.4488
52.542
52.38072
52.55776
52.35895
52.31667
52.72683
52.67175
52.37025
51.89845
51.78622
52.33783
52.1749
53.44724
53.83655
53.74463
53.53944
53.19232
53.71992
54.33942
53.94683
53.85619
53.98572
54.51727
54.81023
54.34039
55.49666
55.68995
54.80286
55.22464
55.20164
55.71993
55.45465
55.44133
55.10405
55.33318
55.62863
55.65361
55.34336
54.98164
54.9808
56.33986
56.63453
56.83917
54.93846
55.44453
55.20005
54.21441
54.42058
54.50475
53.86139
54.17698
53.8712
54.99345
55.21752
55.11381
53.99834
54.29522
54.55477
55.0322
54.17236
54.48914
52.75069
52.68794
52.4553
53.17105
53.40242
53.27801
53.23699
53.3278
52.45311
52.0291
52.15152
52.18951
51.98798
51.73273
51.4085
51.72955
52.51591
52.35089
51.21826
50.86171
50.83251
51.08665
51.16798
50.5829
50.28479
49.89281
50.05919
50.03413
50.48875
50.94595
49.93987
49.44807
50.03289
50.21223
50.24595
49.65425
50.13139
50.71492
50.58217
50.49374
50.78532
52.51169
52.16055
51.98351
52.7239
53.08727
53.15276
52.6587
53.082
52.97467
52.54115
51.76937
52.4279
53.83187
53.79119
53.85847
53.22184