3.012354
3.012354
3.012354
3.012354
3.012354
3.012354
3.012354
3.012354
3.012354
3.012354
3.012354
3.012354
2.913627
2.919164
2.920578
2.921026
2.924348
2.934249
2.936867
2.939141
2.941939
2.941212
2.938105
2.937426
2.92167
2.926295
2.936286
2.94132
2.947735
2.947531
2.952279
2.950139
2.953128
2.955894
2.950162
2.953894
2.95002
2.946293
2.937948
2.929067
2.932232
2.931995
2.944813
2.944268
2.942363
2.92362
2.916576
2.919931
2.935025
2.937281
2.942569
2.951867
2.949179
2.964246
2.957541
2.973563
2.978377
2.954654
2.958529
2.984888
2.992644
3.011074
2.997571
3.014428
3.029368
3.048058
3.046613
3.064268
3.058767
3.04771
3.064937
3.05405
3.040735
3.004682
3.01857
3.052532
3.02551
3.049027
3.055062
3.10431
3.09696
3.09696
3.104773
3.104773
3.076318
3.072764
3.024977
3.042219
3.028325
3.031825
3.06527
3.062655
3.027001
3.104795
3.149376
3.262286
3.3639
3.328781
3.348885
3.3358
3.3358
3.356751
3.378666
3.45909
3.42871
3.433702
3.433702
3.522385
3.488861
3.460865
3.465995
3.458508
3.45804
3.394169
3.461323
3.429818
3.429818
3.429818
3.52365
3.52365
3.587506
3.541439
3.558444
3.554412
3.46743
3.46743
3.448369
3.453425
3.406203
3.416346
3.416346
3.416346
3.395499
3.293931
3.34794
3.41071
3.375576
3.375576
3.375576
3.326262
3.326262
3.213474
3.158082
3.140875
3.136356
3.110622
3.132511
3.191061
3.141632
3.199892
3.199892
3.150464
3.150464
3.132959
3.13197
3.13197
3.10745
3.015185
3.015185
3.015185
2.998232
2.998232
2.96862
2.914021
2.914021
2.869174
2.869174
2.881196
2.871839
2.844241
2.837327
2.837327
2.817158
2.77393
2.746864
2.701861
2.701861
2.677551
2.603421
2.603421
2.541658
2.51444
2.501132
2.459307
2.501517
2.501517
2.484836
2.430937
2.404632
2.404632
2.3996
2.3996
2.426566
2.391629
2.376705
2.318025
2.357677
2.348897
2.316763
2.246852
2.246852
2.249541
2.251622
2.251622
2.269712
2.215478
2.20208
2.20208
2.209863
2.254889
2.224048
2.15987
2.153049
2.13326
2.13326
2.13326
2.151873
2.137673
2.132266
2.113074
2.164023
2.213873
2.187228
2.124456
2.128775
2.088653
2.088653
2.077631
2.106778
2.09226
2.084511
2.084511
2.085089
2.180861
2.164318
2.110184
2.112331
2.089673
2.117316
2.099483
2.131816
2.119045
2.101407
2.101407
2.101407
2.147372
2.118343
2.080079
2.075963
2.064555
2.059327
2.069769
2.11058
2.070328
2.070328
2.052984
2.055738
2.075882
2.091732
2.026212
2.027367
2.023791
2.028848
2.04348
2.054552
2.030703
2.027828
2.039668
2.08732
2.074827
2.083996
2.070119
2.040778
2.018117
1.979926
2.000884
2.001353
1.926884
1.93202
1.913507
1.914832
1.893027
1.870767
1.879471
1.846716
1.807773
1.818111
1.825636
1.856918
1.863944
1.860273
1.856952
1.81745
1.815603
1.822703
1.824182
1.803717
1.790721
1.809091
1.812216
1.829635
1.846807
1.852166
1.841909
1.836429
1.809937
1.82371
1.835579
1.836008
1.819803
1.815883
1.821724
1.824434
1.826722
1.855934
1.842489
1.840523
1.846397
1.837229
1.830075
1.845142
1.859231
1.855149
1.856431
1.869098
1.860285
1.882167
1.867904
1.872042
1.869434
1.853626
1.835085
1.851453
1.861208
1.861931
1.867785
1.882795
1.87573
1.890366
1.877762
1.876952
1.87834
1.875638
1.863078
1.88093
1.885809
1.900388
1.900169
1.894133
1.884006
1.904776
1.901061
1.905332
1.898406
1.916422
1.913092
1.928425
1.916724
1.918309
1.914979
1.898596
1.889994
1.898207
1.892199
1.902134
1.898617
1.897623
1.892985
1.919277
1.914992
1.926048
1.920064
1.917454
1.917799
1.928205
1.919132
1.931642
1.926744
1.917994
1.927919
1.96667
1.968143
1.975544
1.966661
1.952846
1.963028
1.953663
1.959094
1.974364
1.980321
1.957448
1.967243
1.969919
1.970078
1.957641
1.965138
1.952248
1.947947
1.93931
1.939125
1.947606
1.939433
1.943571
1.937501
1.961164
1.955049
1.952466
1.952815
1.947836
1.955435
1.946765
1.946228
1.96731
1.959742
1.962801
1.969158
1.987313
1.978362
1.983871
1.999915
2.001655
2.015328
2.02564
2.008925
2.002177
2.004571
1.998523
1.976411
1.98163
1.985734
1.98356
1.968181
1.954835
1.939854
1.929274
1.930703
1.911064
1.921666
1.935192
1.921434
1.925654
1.923681
1.91257
1.890893
1.902525
1.917457
1.910715
1.905298
1.914529
1.923187
1.919448
1.91182
1.916414
1.938891
1.927192
1.912134
1.910528
1.887971
1.877499
1.891809
1.904856
1.902433
1.888973
1.906241
1.895144
1.916277
1.914386
1.917866
1.916897
1.910123
1.91039
1.916914
1.896536
1.887503
1.905659
1.918283
1.944691
1.967549
1.993938
1.976208
1.975851
1.966259
1.951866
1.981778
2.007759
1.992104
1.997403
2.011783
2.022651
2.026707
2.037447
2.030856
2.040387
2.034055
2.051847
2.072965
2.080107
2.048737
2.049204
2.061432
2.070022
2.090001
2.073782
2.086143
2.120429
2.113582
2.11285
2.095655
2.144561
2.147045
2.146089
2.133613
2.155649
2.15551
2.169715
2.152543
2.166838
2.166811
2.179626
2.192173
2.196513
2.166198
2.156531
2.165268
2.155088
2.094679
2.072148
2.07352
2.090034
2.09463
2.123899
2.123803
2.122023
2.129635
2.135447
2.11068
2.124846
2.115524
2.097543
2.073679
2.094526
2.111819
2.117066
2.127425
2.12149
2.123485
2.096663
2.114887
2.096162
2.051584
2.026322
2.0285
2.030775
2.050436
2.047095
2.042602
2.083416
2.066414
2.100782
2.092793
2.062322
2.053858
2.038828
2.047325
2.01514
2.026881
2.03383
2.037133
2.048234
2.065846
2.065215
2.081144
2.072362
2.052613
2.039921
2.036087
2.036429
2.015991
2.021887
2.023711
2.002212
2.017659
2.034456
2.028697
2.030551
2.018014
1.997471
2.016679
1.998513
1.996485
1.965599
1.980964
1.986032
1.972914
1.961992
1.968003
1.96718
1.942396
1.931077
1.933447
1.934357
1.949975
1.91408
1.930356
1.94021
1.929751
1.930254
1.928043
1.915925
1.900239
1.88635
1.895614
1.88901
1.908372
1.895399
1.872219
1.884462
1.877269
1.86241
1.864019
1.873819
1.873237
1.845079
1.869797
1.826543
1.844604
1.844927
1.837427
1.854887
1.847726
1.860774
1.862644
1.874597
1.879495
1.878032
1.89608
1.89479
1.921733
1.935138
1.949493
1.928953
1.924457
1.917603
1.916851
1.907291
1.926953
1.904596
1.926745
1.928029
1.928997
1.954905