250
250
250
250
250
250
250
250
250
250
250
250
395
393
390
390
388
386
386
383
381
377
373
372
448
449
447
445
441
435
432
425
421
416
411
405
443
424
394
367
344
334
322
304
284
269
251
247
261
255
232
215
200
191
185
178
174
164
154
151
160
164
154
146
135
129
125
119
115
111
106
104
111
114
109
100
94
91
89
89
86
86
83
83
85
85
84
81
78
72
67
66
62
58
55
55
56
58
57
54
54
52
50
51
50
48
48
45
47
46
48
49
48
46
44
44
44
44
41
41
44
42
41
43
42
42
41
40
38
38
38
38
39
39
37
39
38
38
38
39
39
38
37
36
37
37
35
36
33
32
32
33
33
34
33
33
34
34
34
34
32
32
33
34
34
34
34
32
33
34
35
35
34
33
34
35
35
36
33
33
32
34
35
34
34
34
35
37
38
38
37
37
38
40
39
40
41
39
40
42
42
42
41
41
42
43
44
44
46
47
47
49
50
51
51
51
51
53
54
52
53
55
55
56
57
58
58
59
61
63
63
63
62
65
66
67
68
70
70
69
71
75
74
74
74
76
80
82
83
82
80
81
81
87
87
86
85
86
88
91
90
88
88
88
87
91
91
88
87
89
92
95
97
99
98
100
99
104
105
104
105
105
104
107
113
113
115
115
113
120
123
124
127
130
130
134
137
137
139
139
142
149
148
148
151
163
166
166
170
174
178
178
183
191
194
196
200
202
205
207
216
222
225
225
222
227
234
235
234
236
244
248
254
258
261
258
258
260
265
262
259
258
257
259
266
270
270
272
270
276
279
281
279
283
281
283
289
292
294
297
294
298
307
312
313
320
320
321
326
331
328
335
340
343
352
358
357
353
352
357
358
363
363
367
375
373
376
381
380
376
373
376
379
384
385
384
380
383
380
384
386
383
373
376
375
377
373
370
369
366
360
362
359
360
354
355
349
350
351
349
348
347
338
337
335
331
324
323
317
314
311
305
305
311
305
301
299
293
284
283
284
285
285
279
279
279
280
279
275
270
263
261
263
264
266
262
265
272
269
262
260
259
253
248
248
251
251
245
249
255
252
244
242
232
227
225
226
227
225
221
220
225
226
218
217
213
210
208
204
205
204
203
207
209
209
206
205
200
197
194
193
192
191
191
191
196
197
195
193
192
191
189
188
191
189
187
190
194
189
192
191
191
192
189
186
184
180
178
180
183
181
183
181
182
181
181
178
182
187
186
187
188
189
194
193
195
190
191
192
195
196
195
195
193
193
194
193
191
187
189
188
194
196
196
197
195
195
194
196
197
198
198
198
199
200
202
204
205
206
204
206
206
201
205
206
211
216
219
220
222
219
214
218
219
217
218
220
225
225
231
229
232
231
229
232
232
233
237
239
240
239
243
241
246
245
243
247
245
240
244
240
244
245
249
247
249
248
249
250
250
244
243
241
247
243
245
241
244
241
240
247
246
241
242
242
243
244
247
242
245
244