4.01895
4.01895
4.01895
4.01895
4.01895
4.01895
4.01895
4.01895
4.01895
4.01895
4.01895
4.01895
4.028212
4.028212
4.028212
4.028212
4.029628
4.016948
4.003164
4.003164
4.003164
4.003164
4.003164
4.000548
3.927921
3.931171
3.933181
3.939517
3.94037
3.933549
3.919079
3.919079
3.919079
3.925273
3.925273
3.91426
3.90083
3.885405
3.882687
3.874846
3.867127
3.845456
3.822649
3.838522
3.828433
3.820492
3.816835
3.808258
3.812783
3.787022
3.733047
3.733047
3.718173
3.735235
3.736044
3.708537
3.715527
3.724301
3.710244
3.730116
3.742594
3.698252
3.698862
3.672937
3.636899
3.675054
3.618306
3.617533
3.556897
3.545978
3.54237
3.529757
3.481963
3.440331
3.439194
3.412323
3.414203
3.389114
3.391885
3.391885
3.394716
3.390242
3.390242
3.410769
3.369186
3.326296
3.257947
3.289983
3.223078
3.217885
3.17155
3.17155
3.15882
3.137403
3.164249
3.164249
3.09438
3.012212
2.989854
2.962308
2.956177
2.927457
2.904343
2.904343
2.88956
2.878251
2.872703
2.872703
2.805456
2.687718
2.705214
2.699152
2.601058
2.630051
2.607917
2.610722
2.508774
2.528008
2.536234
2.427958
2.370998
2.343694
2.362272
2.438498
2.352672
2.36553
2.29606
2.307337
2.290902
2.290902
2.279774
2.279774
2.262151
2.268169
2.317391
2.296415
2.270734
2.235682
2.256636
2.256636
2.239731
2.292672
2.271901
2.209526
2.209004
2.154272
2.192268
2.22642
2.205504
2.162661
2.18905
2.133563
2.106682
2.104443
2.107812
2.107812
2.128487
2.085359
2.092714
2.176931
2.155527
2.084001
2.062358
2.062358
2.062358
2.030502
2.030502
2.030502
2.046283
2.027585
2.028398
2.101966
2.089224
2.047229
2.02002
2.005954
2.005954
1.963835
1.963835
1.963835
1.997042
2.007994
2.027475
2.023562
2.016862
1.966375
1.966949
1.966949
1.966949
1.898366
1.898366
1.898366
1.941041
1.969636
1.983744
1.905239
1.953136
1.905807
1.915302
1.915302
1.839626
1.839626
1.786282
1.786282
1.856662
1.891411
1.87228
1.84481
1.777947
1.741493
1.700153
1.718201
1.718201
1.718201
1.718201
1.659542
1.72716
1.72716
1.789028
1.747175
1.747175
1.747175
1.618862
1.618862
1.608337
1.617296
1.617296
1.560975
1.726471
1.726471
1.738818
1.750006
1.639722
1.606363
1.605935
1.605935
1.605935
1.633412
1.633412
1.601089
1.778754
1.778754
1.793627
1.76148
1.754285
1.754285
1.722133
1.722133
1.760268
1.760268
1.691361
1.64383
1.653842
1.653842
1.751035
1.738016
1.738016
1.689661
1.689661
1.656595
1.656595
1.656595
1.696604
1.582255
1.650314
1.650314
1.632964
1.633702
1.633702
1.623335
1.642122
1.642122
1.614557
1.642512
1.447994
1.447994
1.438301
1.464101
1.444568
1.422482
1.422482
1.422482
1.391986
1.391986
1.373673
1.386731
1.210402
1.210402
1.253882
1.253882
1.272511
1.256508
1.256508
1.256508
1.256508
1.256508
1.232799
1.231441
1.288207
1.306317
1.238322
1.238322
1.270324
1.243949
1.243949
1.247402
1.247402
1.247402
1.20851
1.215713
1.226302
1.226302
1.259357
1.139212
1.177461
1.183995
1.225593
1.236323
1.236323
1.236323
1.236323
1.236323
1.254833
1.2012
1.274063
1.244974
1.300486
1.290856
1.290856
1.327965
1.308065
1.308065
1.308065
1.33461
1.33461
1.33461
1.371211
1.371211
1.307925
1.325769
1.295146
1.295146
1.331025
1.331025
1.370239
1.370239
1.310367
1.27965
1.264431
1.264431
1.201312
1.192515
1.192515
1.192515
1.214537
1.17366
1.204999
1.157592
1.157592
1.157592
1.183898
1.183898
1.183898
1.132374
1.132374
1.132374
1.069825
1.065361
1.103626
1.103626
1.031923
1.031923
1.066373
1.066373
1.066373
1.079206
1.079206
1.079206
1.079206
0.9847912
0.9847912
0.9847912
0.9847912
1.026797
1.063828
1.063828
1.063828
1.061284
1.061284
1.099222
1.099222
1.052583
1.052583
1.052583
1.019507
1.019507
1.100463
1.100463
1.100463
1.12283
1.16947
1.16947
1.16947
1.16947
1.119098
1.119098
1.119098
1.119098
1.070511
1.070511
1.042051
1.074459
1.074459
1.115291
1.115291
1.061848
1.061848
1.061848
1.061848
1.061848
1.049435
1.049435
1.049435
1.051317
1.083582
1.142436
1.106698
1.125817
1.09733
1.09733
1.09733
1.09733
1.08612
1.08612
1.08612
1.067783
1.094012
1.122104
1.122104
1.094357
1.094357
1.094357
1.077842
1.077842
1.061352
1.061352
1.09244
1.066918
1.102886
1.113963
1.113963
1.113963
1.113963
1.099146
1.099146
1.099146
1.056023
1.056023
1.085958
1.095517
1.097076
1.117094
1.117094
1.117094
1.117094
1.091432
1.101804
1.101804
1.065772
1.065772
1.091149
1.036133
1.088291
1.037316
1.037316
1.037316
1.037316
1.042993
1.042993
1.042993
1.000516
1.000516
1.000516
0.9908317
0.9893014
0.9934533
0.9934533
0.9934533
1.00327
1.00327
0.9895698
0.9593729
0.9404484
0.9186645
0.9504903
0.923118
0.923118
0.8909132
0.8909132
0.8909132
0.8909132
0.868376
0.8833289
0.8833289
0.86573
0.86573
0.8919688
0.8669762
0.8155355
0.8010114
0.8592009
0.8592009
0.8592009
0.8587286
0.8310918
0.8147581
0.815318
0.7923762
0.8143073
0.7840071
0.7911831
0.7813525
0.7859402
0.8004465
0.8004465
0.8004465
0.8004465
0.8004465
0.8048564
0.8048564
0.8141423
0.8141423
0.8342472
0.8253773
0.8415865
0.8622555
0.8622555
0.8622555
0.8205292
0.8205292
0.8203116
0.8203116
0.8203116
0.824139
0.833308
0.8581867
0.8645651
0.8837465
0.8837465
0.8837465
0.8154189
0.8154189
0.8133972
0.8133972
0.8133972
0.8262073
0.8621053
0.8354993
0.8354993
0.8641481
0.8641481
0.8641481
0.8602886
0.8636534
0.855123
0.855123
0.855123
0.855123
0.8883771
0.8690827
0.8690827
0.9137431
0.910435
0.910435
0.910435
0.891076
0.8874817
0.8874817
0.8874817
0.9171947
0.9205161
0.9184328
0.9410908
0.9735226
0.9703102
0.9703102
0.9703102
0.9703102
0.9581046
0.9438241
0.9438241
0.9778809
0.9567972
0.9602619
0.9602619
0.9876876
0.9754663
0.9936306
0.9936306
0.9936306
0.9943565
1.029329
1.008189
1.008189
1.001438
0.9961949
1.015151
1.018267
1.018267
1.018267
1.018267
1.036892
1.069824
1.032258
1.032258
1.011597
1.031021
1.022245
1.0309
1.045832
1.02558
1.026971
1.026971
1.038955
1.067745
1.014142
1.052321
1.052321
1.078142
1.078142
1.076382
1.098251
1.073043
1.073043
1.079352
1.062884
1.127931
1.100469
1.100469
1.100469
1.114215
1.092165
1.058498
1.071652
1.063992
1.051941
1.052559
1.032918
1.060557
1.042881
1.042881