80
80
80
80
80
80
80
80
80
80
80
80
128
128
128
128
129
130
131
131
131
131
131
132
158
160
161
162
165
166
167
167
167
168
168
165
176
174
172
169
168
163
160
157
155
153
148
143
149
150
146
146
143
139
136
131
126
123
121
118
124
121
119
114
111
111
104
102
99
97
96
94
97
96
91
90
90
86
84
84
85
83
83
80
82
84
81
76
73
73
69
69
70
69
68
68
67
69
70
67
64
64
63
63
63
62
61
61
61
61
60
59
59
55
54
52
51
49
47
46
46
47
46
48
49
48
45
44
44
44
43
43
43
46
45
45
46
44
42
42
42
40
38
37
38
42
40
42
44
41
39
38
39
38
37
37
37
40
38
40
39
37
36
36
36
37
37
37
36
36
36
37
34
35
33
33
33
34
34
34
33
32
33
34
32
31
30
30
30
32
32
32
32
30
31
29
30
30
29
29
28
28
30
30
29
28
29
29
27
26
27
26
26
26
26
26
28
28
27
26
26
26
26
26
25
24
24
23
24
24
25
25
24
23
23
23
23
21
21
22
21
21
21
22
22
22
23
23
22
22
21
22
22
22
20
20
20
21
21
22
22
22
21
20
21
21
22
22
22
22
21
21
22
21
20
20
21
20
21
22
22
22
23
23
23
22
21
21
19
19
20
21
21
21
21
21
22
21
19
18
18
18
19
20
20
19
19
19
19
18
17
17
18
17
18
18
17
16
16
16
16
16
15
16
16
15
16
17
17
16
15
15
15
14
14
14
15
15
16
18
17
17
16
16
15
15
14
13
14
14
15
17
17
17
16
15
14
13
13
13
14
14
14
17
17
17
16
15
14
14
13
13
14
14
14
16
16
16
16
15
15
15
15
14
15
15
15
17
17
16
16
15
15
15
16
16
16
16
16
17
16
16
16
16
15
15
15
15
17
17
16
17
17
16
16
15
15
15
15
15
16
16
16
18
17
18
19
17
16
16
16
16
17
17
17
18
19
20
20
21
21
21
19
19
20
20
19
21
22
23
23
23
23
22
22
22
24
24
22
23
23
24
24
24
24
23
22
22
24
24
23
24
24
24
24
24
24
23
23
23
23
23
23
25
24
26
26
26
25
25
23
22
23
22
21
23
23
25
25
25
25
23
22
22
23
23
22
23
22
23
24
24
24
23
22
23
25
24
23
22
23
23
22
21
21
21
21
21
23
23
23
23
23
23
22
23
23
23
21
21
23
23
23
23
24
23
21
22
22
22
20
20
22
22
22
22
22
22
22
23
23
23
22
20
22
22
22
22
22
22
22
23
22
22
22
21
23
23
23
22
23
22
22
23
22
22
22
22
24
23
23
22
22
23
23
24
23
22
22
22
24
23
22
22
22
23
22
23
23
23
23
22
23
22
22
21
22
23
22
23
24
23
23
22
23
23
22
22
22
22
22
23
24
24
23
22
22
23
23
23
24
22
23
24
25
26
25
24
24
25
25