30.35602
30.35602
30.35602
30.35602
30.35602
30.35602
30.35602
30.35602
30.35602
30.35602
30.35602
30.35602
30.59248
30.59248
30.59248
30.59248
30.64823
30.70424
30.82363
30.82363
30.82363
30.82363
30.82363
30.70417
30.50669
30.59818
30.6517
30.65992
30.69775
30.71929
30.79988
30.79988
30.79988
30.78794
30.78794
30.66891
30.40021
30.3661
30.48261
30.59069
30.60004
30.6179
30.62574
30.63476
30.69626
30.78448
30.91302
30.67726
30.14958
30.33518
30.33178
30.33178
30.29219
30.33219
30.21603
30.39028
30.27604
30.23965
30.22388
30.20588
29.95415
30.00931
30.1128
29.76679
29.92619
30.41147
30.70956
30.58132
30.73011
30.81627
30.78
30.7084
30.67478
30.39678
30.01154
30.02708
30.16575
30.15143
30.11392
30.11392
30.61104
30.57032
30.57032
30.98752
30.81466
30.85014
30.58199
30.07344
29.60799
30.00822
30.55312
30.55312
31.1545
31.14928
30.95203
30.95203
31.49224
30.84652
31.68016
31.60609
31.52478
31.79109
31.7991
31.7991
32.75693
32.63051
32.75236
32.75236
32.74122
31.55829
32.48159
32.53459
31.69551
31.00625
31.23336
31.26314
31.16543
32.065
31.7057
31.34411
31.94071
31.61526
32.74393
33.40192
32.9631
32.39419
32.91825
32.5492
33.46315
33.46315
33.94848
33.94848
35.92094
34.50519
35.70714
36.64784
34.98111
34.91142
35.06395
35.06395
35.36894
33.90706
34.78342
34.28579
35.3592
34.43072
35.64811
37.63599
36.70153
37.46335
37.81659
37.23032
37.88537
37.90663
37.20979
37.20979
36.82949
35.90685
37.28558
38.53261
38.70648
38.61246
38.31721
38.31721
38.31721
38.74022
38.74022
38.74022
39.45631
38.415
38.84427
40.46221
41.36978
40.31849
40.26822
38.76002
38.76002
39.84914
39.84914
39.84914
38.62296
38.49289
37.27701
38.54227
37.70765
37.50197
38.47517
38.47517
38.47517
39.25462
39.25462
39.25462
39.29397
39.12763
37.98496
37.74617
39.19617
39.11989
39.18811
39.18811
38.29329
38.29329
39.7341
39.7341
41.01112
40.54835
39.26913
37.58174
39.73746
40.05113
38.62426
38.79288
38.79288
38.79288
38.79288
39.13244
40.25962
40.25962
38.9841
38.74568
38.74568
38.74568
36.37286
36.37286
36.68082
36.95051
36.95051
37.73718
39.20501
39.20501
38.96003
37.08701
36.5013
37.92723
36.64342
36.64342
36.64342
36.05756
36.05756
36.95705
39.16588
39.16588
35.66178
35.09911
36.20105
36.20105
34.69912
34.69912
34.96862
34.96862
34.41956
35.46766
36.63356
36.63356
34.53355
35.45257
35.45257
34.94585
34.94585
33.43791
33.43791
33.43791
33.87562
31.75486
36.72272
36.72272
35.38575
33.81564
33.81564
34.09774
34.12453
34.12453
32.63756
32.99015
30.9914
30.9914
35.43576
34.41523
33.15076
33.09079
33.09079
33.09079
32.10646
32.10646
31.8919
32.28322
30.18851
30.18851
33.91986
33.91986
32.62845
32.69688
32.69688
32.69688
32.69688
32.69688
31.76476
32.95314
32.10767
33.79303
34.77824
34.77824
33.36634
33.15408
33.15408
33.44146
33.44146
33.44146
33.71656
33.90498
35.81638
35.81638
37.6059
35.11954
33.69347
33.89187
33.57995
35.18737
35.18737
35.18737
35.18737
35.18737
35.41109
33.95792
37.28192
33.99031
32.33538
32.47415
32.47415
33.73964
35.4495
35.4495
35.4495
35.54836
35.54836
35.54836
36.53071
36.53071
34.97044
34.02499
35.55869
35.55869
37.12791
37.12791
37.66169
37.66169
32.46576
27.24171
27.8775
27.8775
26.83379
26.34677
26.34677
26.34677
26.21952
27.33747
28.41942
25.37263
25.37263
25.37263
26.06059
26.06059
26.06059
24.74616
24.74616
24.74616
25.82333
25.23193
26.13876
26.13876
23.96358
23.96358
24.89211
24.89211
24.89211
23.64728
23.64728
23.64728
23.64728
22.44661
22.44661
22.44661
22.44661
23.18135
24.45182
24.45182
24.45182
23.29343
23.29343
22.46448
22.46448
23.37333
23.37333
23.37333
22.63119
22.63119
24.26933
24.26933
24.26933
21.84849
20.87358
20.87358
20.87358
20.87358
21.69166
21.69166
21.69166
21.69166
22.18303
22.18303
21.3817
20.25538
20.25538
20.24412
20.24412
20.96498
20.96498
20.96498
20.96498
20.96498
22.57844
22.57844
22.57844
20.98151
21.06364
21.59263
21.22904
20.97657
21.686
21.686
21.686
21.686
23.36493
23.36493
23.36493
25.74019
24.55392
24.72711
24.72711
24.33401
24.33401
24.33401
26.0629
26.0629
27.32006
27.32006
28.22358
29.93699
28.73083
28.66819
28.66819
28.66819
28.66819
29.77571
29.77571
29.77571
30.21821
30.21821
30.71514
32.48883
30.74181
30.47643
30.47643
30.47643
30.47643
31.61985
30.93073
30.93073
31.59752
31.59752
32.37429
33.04044
32.58859
32.49181
32.49181
32.49181
32.49181
31.72067
31.72067
31.72067
34.8372
34.8372
34.8372
36.13018
34.81351
33.09999
33.09999
33.09999
32.37574
32.37574
34.40469
34.25142
35.91507
33.97939
35.01035
35.19131
35.19131
32.29026
32.29026
32.29026
32.29026
32.62523
33.35947
33.35947
34.88056
34.88056
35.90018
34.66702
37.91698
36.76583
35.27413
35.27413
35.27413
33.97422
35.41624
34.38163
37.37433
35.34007
36.30955
34.71384
36.57462
35.88982
34.07161
34.96302
34.96302
34.96302
34.96302
34.96302
36.80336
36.80336
36.90219
36.90219
37.60844
36.97205
38.07567
36.45537
36.45537
36.45537
36.65739
36.65739
37.14072
37.14072
37.14072
37.00872
37.35291
35.85166
34.56613
33.03349
33.03349
33.03349
31.86385
31.86385
32.37602
32.37602
32.37602
32.32585
31.56857
28.54721
28.54721
27.34773
27.34773
27.34773
25.06755
27.00352
27.76957
27.76957
27.76957
27.76957
27.20263
24.90566
24.90566
23.88653
20.93778
20.93778
20.93778
21.89631
22.98336
22.98336
22.98336
22.02343
22.55924
21.83962
21.69193
20.79093
19.67828
19.67828
19.67828
19.67828
20.51715
21.37233
21.37233
20.52143
20.41772
20.11641
20.11641
19.33502
17.90031
18.29291
18.29291
18.29291
19.12741
18.07295
18.85086
18.85086
19.54744
19.17268
19.6752
17.42962
17.42962
17.42962
17.42962
17.72302
16.95076
17.65463
17.65463
16.94816
17.94583
17.52596
17.90068
17.17661
16.82526
16.06344
16.06344
16.32374
16.61328
16.92917
16.05882
16.05882
16.26676
16.26676
16.18014
15.53174
15.28935
15.28935
14.53577
15.1493
14.7352
14.3969
14.3969
14.3969
14.81059
14.65483
14.36276
14.13923
13.6311
13.59872
13.60317
14.12245
13.40654
13.07666
13.07666