0.39662654335451
0.39662654335451
0.39662654335451
0.39662654335451
0.39662654335451
0.39662654335451
0.39662654335451
0.39662654335451
0.39662654335451
0.39662654335451
0.39662654335451
0.39662654335451
0.40234564600187
0.40234564600187
0.40234564600187
0.40234564600187
0.404592230942255
0.40297734141772
0.40331258460304
0.40331258460304
0.40331258460304
0.40331258460304
0.40331258460304
0.40339690210073
0.419126667102124
0.41908513601498
0.419648848248693
0.420003660729204
0.422424931552208
0.421137851146323
0.421475594910199
0.421475594910199
0.421475594910199
0.4211196522055
0.4211196522055
0.420692848421406
0.429743221727632
0.43199899996749
0.431978151505973
0.43145531096192
0.432353009699931
0.433400820234907
0.433579994986366
0.434829612825612
0.435635759034249
0.435046833447527
0.435908691953277
0.43532787451289
0.440677739326205
0.443934848855771
0.446797235179933
0.446797235179933
0.446059861474099
0.450315331354705
0.45092477814812
0.452273701521961
0.455313480819433
0.455344894505417
0.454898989223068
0.458334488099805
0.462832100799243
0.466149706516121
0.463673521119277
0.459535340662461
0.462090017101274
0.46360250906333
0.466248182516922
0.466927883060453
0.470607910353174
0.471994345051783
0.472950249717886
0.474096520272994
0.483834775537098
0.488400497615048
0.487296221173355
0.484963211147776
0.483631052123933
0.484450062008225
0.488112649761782
0.488112649761782
0.487756715453781
0.488199731838392
0.488199731838392
0.490091802790896
0.504644848117779
0.507706075956885
0.508396114889026
0.500543914776525
0.497931620497476
0.498468926770706
0.508092299554197
0.508092299554197
0.507758902018005
0.504242160085592
0.505175753017197
0.505175753017197
0.504803556139927
0.504113302227177
0.496516746034866
0.49456144032607
0.492952328539264
0.495692608321986
0.492973203247772
0.492973203247772
0.493614439494405
0.493198229794337
0.495877628562369
0.495877628562369
0.493224606723867
0.493650515582226
0.475846086741613
0.473822081392412
0.471875063521697
0.472811542798031
0.472078738948752
0.474860200351796
0.474211812043624
0.479444658573162
0.485682702890948
0.48555416131721
0.487059828396095
0.487175350767275
0.46863908316788
0.45757486946138
0.430504037285547
0.432490264105098
0.42418772685013
0.419202650091827
0.423480134289738
0.423480134289738
0.423858391580283
0.423858391580283
0.433322457538232
0.446180049533058
0.42425183973902
0.418566845567224
0.411329508505094
0.40899772422138
0.419261333381352
0.419261333381352
0.414939336001256
0.415955717286412
0.421283530252931
0.425660843595063
0.451239327569275
0.456721370859072
0.44432275410043
0.434785410057681
0.423905034416199
0.425018961161703
0.431691638013825
0.436928333984388
0.434740837404738
0.440616698706481
0.436414216633546
0.436414216633546
0.46824105704613
0.486479937400649
0.493504369464561
0.480977712887258
0.481343594587988
0.461856998521293
0.469687185650893
0.469687185650893
0.469687185650893
0.464772121241444
0.464772121241444
0.464772121241444
0.514002635965753
0.534523076923552
0.534740763767952
0.514411700897087
0.52961806204937
0.521416704597317
0.52341977478594
0.505234028263678
0.505234028263678
0.49887502839105
0.49887502839105
0.49887502839105
0.544796791086067
0.535391935153396
0.535463120216169
0.539794572970965
0.544743838654478
0.545544288053582
0.547417110820656
0.547417110820656
0.547417110820656
0.526668558876055
0.526668558876055
0.526668558876055
0.600411646978111
0.584269237515441
0.586358085868934
0.591067000039773
0.587573333841628
0.578828904791456
0.588077204726239
0.588077204726239
0.596705879150962
0.596705879150962
0.573442577382104
0.573442577382104
0.6403236308643
0.652912696162978
0.655475712638921
0.672964473389557
0.686706742854781
0.709138230336327
0.692284725419495
0.704292542304006
0.704292542304006
0.704292542304006
0.704292542304006
0.638818351293008
0.741647941551218
0.741647941551218
0.775772291643455
0.792863994556689
0.792863994556689
0.792863994556689
0.78891814602309
0.78891814602309
0.815308978939933
0.832854346525559
0.832854346525559
0.763796756526288
0.86143333909189
0.86143333909189
0.85393366475011
0.867606924782263
0.887416591940902
0.897781507395997
0.887611777129588
0.887611777129588
0.887611777129588
0.955427316744064
0.955427316744064
0.92520263137768
1.0144494068699
1.0144494068699
1.03499244711242
1.02228519131832
0.994864900173251
0.994864900173251
0.962163680008211
0.962163680008211
0.976843852471415
0.976843852471415
1.00188440388435
0.973191070813057
1.02207016043165
1.02207016043165
1.11887011659764
1.13042851966269
1.13042851966269
1.08263485878213
1.08263485878213
1.04306654752856
1.04306654752856
1.04306654752856
1.07355750194743
0.926499548397952
1.07340077214148
1.07340077214148
1.05031539630613
1.08914967883176
1.08914967883176
1.05881961824786
1.10247061640829
1.10247061640829
1.05905033167755
1.08000135282161
0.978647683557651
0.978647683557651
1.11415891995509
1.15534265401866
1.13255907328032
1.14956851833813
1.14956851833813
1.14956851833813
1.10471713419347
1.10471713419347
1.07676968546549
1.09137590663928
0.954329766541626
0.954329766541626
1.2233373511064
1.2233373511064
1.18701035790343
1.19814008777851
1.19814008777851
1.19814008777851
1.19814008777851
1.19814008777851
1.14811200736219
1.170464352477
1.2261112371479
1.28244341636702
1.17981006859864
1.17981006859864
1.14864413029922
1.14768266544309
1.14768266544309
1.20156102842569
1.20156102842569
1.20156102842569
1.17634042159896
1.17741885261961
1.23801852910713
1.23801852910713
1.25874025686011
1.09867974907587
1.08695079061449
1.14525303181253
1.19145070437995
1.22361090724661
1.22361090724661
1.22361090724661
1.22361090724661
1.22361090724661
1.20473384342624
1.13520515532457
1.22205023657601
1.05279785754441
1.02446702065001
1.02200614214739
1.02200614214739
1.07763738273584
1.11636004244842
1.11636004244842
1.11636004244842
1.09461899653188
1.09461899653188
1.09461899653188
1.1010502185191
1.1010502185191
1.03675204400297
0.992028001858427
1.01581451720835
1.01581451720835
1.07192875684568
1.07192875684568
1.06809635175696
1.06809635175696
0.967744695226141
0.737874683019885
0.758659161206796
0.758659161206796
0.712816282927191
0.704186423050236
0.704186423050236
0.704186423050236
0.6746854505699
0.660493914156488
0.700706170980553
0.630682828082069
0.630682828082069
0.630682828082069
0.658986042348645
0.658986042348645
0.658986042348645
0.628766251194375
0.628766251194375
0.628766251194375
0.630595112691897
0.607125981130998
0.644325624493499
0.644325624493499
0.576389287202914
0.576389287202914
0.658632027984383
0.658632027984383
0.658632027984383
0.658040813983836
0.658040813983836
0.658040813983836
0.658040813983836
0.621212980459713
0.621212980459713
0.621212980459713
0.621212980459713
0.658994276649721
0.693287900294644
0.693287900294644
0.693287900294644
0.683095798641928
0.683095798641928
0.674956169744295
0.674956169744295
0.688913575264442
0.688913575264442
0.688913575264442
0.650167947802695
0.650167947802695
0.717932822585043
0.717932822585043
0.717932822585043
0.675510587737139
0.654241058042023
0.654241058042023
0.654241058042023
0.654241058042023
0.67285316920488
0.67285316920488
0.67285316920488
0.67285316920488
0.682177051660925
0.682177051660925
0.66063012815135
0.675794081745106
0.675794081745106
0.659979145162663
0.659979145162663
0.67871298384712
0.67871298384712
0.67871298384712
0.67871298384712
0.67871298384712
0.746098244523015
0.746098244523015
0.746098244523015
0.722453407564258
0.711976532438457
0.757710814575701
0.721350022560475
0.700324914502375
0.724548359921882
0.724548359921882
0.724548359921882
0.724548359921882
0.801637500802483
0.801637500802483
0.801637500802483
0.825030938575798
0.802882301740459
0.818655727634988
0.818655727634988
0.782844258164971
0.782844258164971
0.782844258164971
0.848059133363865
0.848059133363865
0.891201742046708
0.891201742046708
0.902509371533297
0.912137448743066
0.889072786027659
0.887950438057623
0.887950438057623
0.887950438057623
0.887950438057623
0.914081069584951
0.914081069584951
0.914081069584951
0.910579574601539
0.910579574601539
0.924990708285203
0.955218446714097
0.921856332907259
0.922925976338808
0.922925976338808
0.922925976338808
0.922925976338808
0.946960996385355
0.910146625554624
0.910146625554624
0.932910864439246
0.932910864439246
0.970468655594146
0.959073246108283
0.939642615868338
0.913539748330686
0.913539748330686
0.913539748330686
0.913539748330686
0.864777835001929
0.864777835001929
0.864777835001929
0.966312524933001
0.966312524933001
0.966312524933001
0.932138387817689
0.926840216526287
0.905218950066557
0.905218950066557
0.905218950066557
0.87299125578839
0.87299125578839
0.928400467800836
0.918031515301848
1.00534716940115
0.999545214797217
1.00263487145441
0.974197306358721
0.974197306358721
0.898501981494496
0.898501981494496
0.898501981494496
0.898501981494496
0.885992507536492
0.923236945662485
0.923236945662485
1.01810149784145
1.01810149784145
1.02164710491285
1.00036755313186
0.992746718182763
0.98743753137711
0.964546292521074
0.964546292521074
0.964546292521074
0.906753808427955
0.927328568403453
0.889536362190128
1.0000943335763
1.00226626364186
0.998522709629561
0.981090324809369
0.967870238958374
0.966008344875597
0.893061565846412
0.932470478062372
0.932470478062372
0.932470478062372
0.932470478062372
0.932470478062372
1.03878955107255
1.03878955107255
1.01484207238025
1.01484207238025
0.912241123901311
0.90816690773091
0.946135332733344
0.930974688987956
0.930974688987956
0.930974688987956
0.969869698604261
0.969869698604261
1.13491694642096
1.13491694642096
1.13491694642096
1.10426086749387
1.0752037297648
1.02495888978448
1.05943824020006
1.04173469969887
1.04173469969887
1.04173469969887
1.09186774792868
1.09186774792868
1.24910434802637
1.24910434802637
1.24910434802637
1.21464899716668
1.08290538358355
1.0887357843989
1.0887357843989
1.06456173788652
1.06456173788652
1.06456173788652
1.08217689187062
1.16479875595893
1.25689549743873
1.25689549743873
1.25689549743873
1.25689549743873
1.11432124062333
1.10286118882988
1.10286118882988
1.07510373219768
1.09822345890801
1.09822345890801
1.09822345890801
1.1220702652089
1.2306040162559
1.2306040162559
1.2306040162559
1.05911099123688
1.03063191072784
1.03551934010496
1.03970063706455
1.01422514052505
1.04183130318546
1.04183130318546
1.04183130318546
1.04183130318546
1.12701533354329
1.14688728938544
1.14688728938544
0.983455001553912
0.964716721386561
0.944178627882385
0.944178627882385
0.892207835337868
0.909740447618214
0.947540281631022
0.947540281631022
0.947540281631022
1.05655744496882
0.959530117764072
0.978929999725431
0.978929999725431
0.949746434045496
0.929154518560247
0.913026379619642
0.883350999576471
0.883350999576471
0.883350999576471
0.883350999576471
0.919453622142235
0.928912617134237
0.950025023081739
0.950025023081739
0.936933459276186
0.908409715587767
0.881886055037559
0.869908336781271
0.86299003628233
0.833048537869486
0.851698816058201
0.851698816058201
0.885293412118134
0.878562990887568
0.86576141469351
0.770986338075394
0.770986338075394
0.735163893185354
0.735163893185354
0.712211521159675
0.704682930430892
0.679993903827419
0.679993903827419
0.688328381704891
0.695425501394604
0.569904726974405
0.550161601117706
0.550161601117706
0.550161601117706
0.541495775561041
0.537763871314745
0.522731350790406
0.509482926968991
0.512977880859056
0.496905835734842
0.497088446332615
0.492242100964559
0.496335337301778
0.481391126794
0.481391126794