200.7719
200.7719
200.7719
200.7719
200.7719
200.7719
200.7719
200.7719
200.7719
200.7719
200.7719
200.7719
201.2913
201.2913
201.2913
201.2913
201.2835
201.2391
201.2282
201.2282
201.2282
201.2282
201.2282
201.2788
202.0868
202.1002
202.1217
202.0682
201.9252
201.9488
201.9671
201.9671
201.9671
202.024
202.024
202.1833
202.6209
202.5823
202.5272
202.689
202.7539
202.7555
202.7968
202.7727
202.7729
202.802
203.0527
203.1788
203.862
204.2002
204.4192
204.4192
204.2469
204.4463
204.5916
204.5987
204.6694
204.466
204.5775
204.8736
205.6008
205.4305
205.7484
205.7356
205.5871
205.7861
205.683
205.7074
206.1421
206.0328
206.2132
206.6926
207.2836
207.4518
207.9677
207.9875
207.915
208.0952
207.9953
207.9953
208.2619
208.4023
208.4023
208.5439
209.0307
209.1165
209.857
210.3318
210.2281
210.1704
210.1957
210.1957
210.1924
210.4187
210.3869
210.3869
211.5797
211.0585
211.9224
212.036
212.0435
212.0154
212.1852
212.1852
211.8291
211.8685
211.2643
211.2643
212.1788
212.2847
213.9802
214.3353
214.9719
215.3023
215.0699
215.2499
215.2377
215.0378
214.5175
214.4163
216.1507
216.9015
217.4062
218.1318
219.0767
219.4168
219.9476
219.6473
219.6098
219.6098
219.298
219.298
220.7391
219.5585
220.0219
220.0879
221.5569
221.6888
221.9666
221.9666
221.4854
222.5551
223.1573
223.2768
224.221
222.9667
223.7938
222.8095
224.0213
223.8703
224.9165
224.9641
224.7281
224.4849
223.8924
223.8924
224.9437
222.5531
222.4735
221.8529
222.6043
223.7795
223.9145
223.9145
223.9145
223.765
223.765
223.765
225.5295
224.5887
223.8322
223.2279
224.0782
224.5881
224.9816
225.0615
225.0615
224.986
224.986
224.986
224.9087
225.6476
224.0485
222.9542
223.7753
225.5661
225.7885
225.7885
225.7885
226.7674
226.7674
226.7674
228.0195
226.4967
226.1318
228.8454
226.032
226.521
226.7019
226.7019
226.8502
226.8502
228.2004
228.2004
228.0566
228.402
227.7535
228.585
229.3174
228.2436
228.5436
228.7989
228.7989
228.7989
228.7989
227.4721
230.4486
230.4486
229.3984
231.8742
231.8742
231.8742
232.3681
232.3681
231.2078
231.3175
231.3175
230.6545
232.0654
232.0654
233.7182
233.9359
235.1859
236.0555
236.5392
236.5392
236.5392
237.3674
237.3674
235.9638
236.494
236.494
236.9259
236.4538
241.3277
241.3277
240.7911
240.7911
241.5702
241.5702
243.5392
241.6233
241.5515
241.5515
240.8193
242.0773
242.0773
245.0183
245.0183
243.7753
243.7753
243.7753
244.1868
243.6885
242.9276
242.9276
242.1291
242.6053
242.6053
247.1702
245.4099
245.4099
243.8012
244.4804
243.4786
243.4786
242.7446
244.5574
243.0051
242.4296
242.4296
242.4296
245.5659
245.5659
244.1115
244.9103
244.0907
244.0907
244.3872
244.3872
243.0186
242.3195
242.3195
242.3195
242.3195
242.3195
245.6463
246.375
249.9992
251.7951
251.2267
251.2267
248.9282
247.6475
247.6475
244.0068
244.0068
244.0068
248.7703
249.9367
252.285
252.285
251.8328
251.2014
249.5639
244.612
247.476
249.6959
249.6959
249.6959
249.6959
249.6959
250.986
254.735
258.1667
258.0612
255.3657
253.0862
253.0862
249.4315
251.5927
251.5927
251.5927
253.2538
253.2538
253.2538
253.76
253.76
256.9151
252.5377
255.1838
255.1838
251.4727
251.4727
253.3499
253.3499
253.8707
254.1166
255.1579
255.1579
259.1382
253.7306
253.7306
253.7306
256.1696
258.4658
254.3914
255.1794
255.1794
255.1794
255.969
255.969
255.969
255.2568
255.2568
255.2568
257.777
260.5212
256.568
256.568
257.1564
257.1564
257.3708
257.3708
257.3708
252.0187
252.0187
252.0187
252.0187
261.813
261.813
261.813
261.813
258.3018
259.032
259.032
259.032
253.8797
253.8797
256.699
256.699
259.3072
259.3072
259.3072
263.8511
263.8511
261.7628
261.7628
261.7628
255.8501
259.1327
259.1327
259.1327
259.1327
261.5945
261.5945
261.5945
261.5945
265.5511
265.5511
265.5085
256.0572
256.0572
258.9271
258.9271
261.5909
261.5909
261.5909
261.5909
261.5909
260.7498
260.7498
260.7498
255.558
258.5086
258.2594
262.026
258.1219
260.1872
260.1872
260.1872
260.1872
259.1925
259.1925
259.1925
259.4186
258.1677
257.9745
257.9745
261.2948
261.2948
261.2948
259.33
259.33
258.1537
258.1537
261.4316
257.8192
256.469
256.1218
256.1218
256.1218
256.1218
257.5897
257.5897
257.5897
260.4665
260.4665
256.8627
256.3194
254.1957
253.9988
253.9988
253.9988
253.9988
255.1196
255.4373
255.4373
258.5927
258.5927
255.8252
252.4266
253.1769
253.1298
253.1298
253.1298
253.1298
253.5582
253.5582
253.5582
253.246
253.246
253.246
254.9447
254.8086
252.8594
252.8594
252.8594
253.5416
253.5416
251.3305
250.4442
249.094
249.1992
251.8303
248.31
248.31
250.7603
250.7603
250.7603
250.7603
252.5225
249.1053
249.1053
247.8819
247.8819
250.4128
247.7579
246.7459
246.6885
245.4447
245.4447
245.4447
245.5238
246.5471
250.7716
248.4299
248.6602
251.01
251.0445
250.1106
250.098
251.7186
247.3413
247.3413
247.3413
247.3413
247.3413
245.1333
245.1333
252.0183
252.0183
252.0183
252.0329
247.899
246.7528
246.7528
246.7528
248.7472
248.7472
246.2029
246.2029
246.2029
250.8066
249.5281
248.1273
251.6816
250.6864
250.6864
250.6864
253.5167
253.5167
250.0593
250.0593
250.0593
254.9814
255.1056
256.6412
256.6412
255.6826
255.6826
255.6826
256.8698
254.342
250.5934
250.5934
250.5934
250.5934
250.3217
257.1283
257.1283
255.8997
257.5594
257.5594
257.5594
259.2748
254.75
254.75
254.75
256.6214
255.0849
256.6013
257.7725
256.5063
258.1601
258.1601
258.1601
258.1601
254.5314
255.6073
255.6073
257.6436
257.9413
257.414
257.414
260.5097
262.2776
258.2197
258.2197
258.2197
254.1856
256.3099
257.2971
257.2971
257.9556
257.1239
257.0083
262.2553
262.2553
262.2553
262.2553
258.1894
255.8013
257.0254
257.0254
258.9945
258.3569
257.815
257.8281
256.0269
261.4994
263.2479
263.2479
259.1359
257.3198
263.6087
266.0853
266.0853
266.7451
266.7451
266.8029
264.1286
269.2535
269.2535
271.1031
273.55
274.1986
278.0842
278.0842
278.0842
275.974
274.1818
278.4617
278.1369
275.6441
279.858
281.2198
283.9882
283.3105
285.2957
285.2957