0.398918387888162
0.398918387888162
0.398918387888162
0.398918387888162
0.398918387888162
0.398918387888162
0.398918387888162
0.398918387888162
0.398918387888162
0.398918387888162
0.398918387888162
0.398918387888162
0.398918387888162
0.398918387888162
0.398918387888162
0.398918387888162
0.398918387888162
0.39563577342628
0.395035257512711
0.396995993970777
0.396531900057716
0.394479539826796
0.394737252214335
0.394676196876012
0.394808322405345
0.394220221021869
0.394431084292744
0.394728103430988
0.394070859311288
0.393534966522948
0.39368172839886
0.394089241594152
0.396258026538643
0.396448156612737
0.39486910571329
0.395162563587522
0.392738650804818
0.393673465355555
0.391751182684592
0.391461842254997
0.391656610631312
0.391842541715809
0.391698532101196
0.391453661020976
0.391135508616543
0.390729300042586
0.389496575352637
0.38712208163381
0.386570754189391
0.385652649167455
0.385777862524214
0.386875690542982
0.385793276462463
0.387628345987029
0.384687791305938
0.387107004571253
0.388054552330076
0.387527625924141
0.386133948585611
0.387667984215382
0.38687064929262
0.387188043445662
0.387044574151126
0.383922503769166
0.384150340138274
0.384228148028103
0.381431919723941
0.381654949473757
0.380204030147752
0.381998677394689
0.381813658523631
0.382480313143691
0.383613409367968
0.384937445398418
0.386301876895901
0.387629262420667
0.389166479831597
0.389332866289562
0.389173139096697
0.392024182109962
0.394242488329046
0.394749873385446
0.395694821833995
0.394591538626345
0.396966410236163
0.39425344950589
0.392854279125079
0.395279125238635
0.397294250342726
0.396252619747284
0.396414269460812
0.396714640944078
0.39986098867746
0.398611353596534
0.397888340087306
0.398226193758002
0.397719751869415
0.39448445702182
0.39806022820827
0.399410552014662
0.396991864092559
0.395201028137019
0.397810688169893
0.400161798215338
0.404220677050624
0.404219408830489
0.403996452559611
0.406718932223493
0.407581025527494
0.407606660204187
0.408423831014934
0.404398410392586
0.403039104665017
0.40201955048676
0.403988578877691
0.407807265460411
0.405806835205759
0.410555214656669
0.410654378858375
0.410346615754165
0.409620082007094
0.414713877618898
0.414555183211186
0.414555183211186
0.416559809528856
0.416470546137869
0.417341013319724
0.421448435161169
0.421816237619982
0.422683412587789
0.423608505932298
0.423608505932298
0.420555636640763
0.418351165881531
0.419963458377817
0.424833671389813
0.424833671389813
0.421276261307194
0.419532583057049
0.422225681598849
0.42520734524625
0.42749299597829
0.42749299597829
0.426513420342754
0.428906689533355
0.430030489032517
0.427894306092765
0.427894306092765
0.427821038998869
0.424343780830481
0.425653209634712
0.428196652928657
0.43131906287438
0.428604913419553
0.428105530543175
0.432534169316751
0.432258988512181
0.430883041289084
0.428423460365918
0.430980439356555
0.42507570003886
0.422416240406222
0.428071625235706
0.424629469393653
0.427435718896957
0.427812154351803
0.427812154351803
0.425581434906368
0.425581434906368
0.420506610859059
0.42273262177492
0.417386588811894
0.415920967371826
0.411831348824763
0.412582874667551
0.413621305555593
0.42084018167964
0.419290664538099
0.419290664538099
0.42034796672714
0.42034796672714
0.419469022727872
0.418097710761303
0.426383737401299
0.421978652275111
0.417445895824158
0.417173222795686
0.419757967625479
0.415297759893964
0.414863956720907
0.414863956720907
0.401195910919127
0.397416011889501
0.398115217708574
0.398115217708574
0.400800243109022
0.401374353505761
0.401374353505761
0.393158711850902
0.381661515026376
0.38489295475622
0.38489295475622
0.380390351419991
0.381218661603837
0.371549259424867
0.368240934456405
0.368240934456405
0.368240934456405
0.375484099511066
0.375484099511066
0.375484099511066
0.375484099511066
0.375484099511066
0.379771850782337
0.380906460736117
0.37662620812623
0.382073159102421
0.382113148709936
0.382113148709936
0.382113148709936
0.382113148709936
0.382113148709936
0.385666952864697
0.385666952864697
0.397252571257301
0.398581934446053
0.389032880603411
0.389032880603411
0.395034337593836
0.388606585496204
0.388606585496204
0.388606585496204
0.388606585496204
0.388606585496204
0.399134254167619
0.40558121374613
0.40558121374613
0.40485235361859
0.41665549478503
0.427489770926908
0.427489770926908
0.427489770926908
0.427489770926908
0.427489770926908
0.433791056002015
0.431739613791623
0.42704629847095
0.418801368122188
0.41207280722091
0.419896610599025
0.419896610599025
0.412420639200241
0.412420639200241
0.412420639200241
0.412420639200241
0.408974838931165
0.407342823706037
0.403417974367994
0.409446064851239
0.409017067705342
0.409017067705342
0.409017067705342
0.412141475087181
0.403415588646588
0.401833185693592
0.403800313592988
0.401765107199421
0.401765107199421
0.401765107199421
0.401765107199421
0.401765107199421
0.401765107199421
0.401765107199421
0.39385137073585
0.401060961746938
0.395459010688713
0.395459010688713
0.395459010688713
0.398848412061225
0.398848412061225
0.398848412061225
0.401890857511632
0.408773529059436
0.413342769769928
0.415288180443579
0.415612467507948
0.412766157818843
0.412766157818843
0.412766157818843
0.412766157818843
0.417110912362124
0.40974079415505