178.2358
178.2358
178.2358
178.2358
178.2358
178.2358
178.2358
178.2358
178.2358
178.2358
178.2358
178.2358
178.2358
178.2358
178.2358
178.2358
178.2358
179.8153
181.3728
182.131
183.5375
183.7607
184.0668
183.6982
184.1167
184.1482
184.8039
185.4165
186.3351
186.5149
186.5677
186.4405
186.9711
188.0377
188.9668
188.448
189.2638
188.1753
188.4831
189.1433
189.8564
190.5163
190.8302
191.8928
192.5669
192.6525
194.078
194.1564
194.3841
195.1671
196.0578
195.243
196.0009
195.7112
194.9238
194.1246
194.4612
195.5022
195.3517
194.4868
193.7649
194.3502
194.2619
194.3589
194.7704
195.2112
195.0033
195.2875
194.8656
194.7794
196.1911
196.8693
197.2444
196.5213
195.9054
195.7037
196.0637
196.0009
196.5593
196.0532
196.6869
196.4525
196.2353
196.8161
196.654
196.8419
196.7533
195.3748
195.1568
196.7777
195.0811
194.6989
195.5761
193.5647
195.1037
197.4684
196.7578
196.3726
196.5327
197.4851
198.2298
198.2031
198.7047
199.7766
201.08
201.2212
202.2822
203.2872
202.9272
200.1972
199.7238
197.9051
196.3644
195.2964
197.5641
196.5863
197.0883
198.582
199.8409
200.4946
201.1691
202.4903
202.266
202.266
201.4557
201.0376
201.4154
202.6298
204.0743
204.4426
204.1607
204.1607
203.3408
203.1769
200.2335
202.1212
202.1212
201.4963
199.7201
199.6248
200.466
199.5166
199.5166
202.3171
203.7419
202.4986
203.7381
203.7381
205.0098
205.6768
206.2946
207.3949
206.8818
207.5753
205.0358
209.4108
209.3138
208.7388
204.562
203.0971
201.8017
202.3778
199.7735
200.4556
201.5205
199.9657
199.9657
197.3383
197.3383
198.6174
200.6973
198.6891
200.9214
200.9113
200.7641
200.6579
199.0305
197.4065
197.4065
197.2416
197.2416
195.6405
197.1952
197.7503
196.8946
196.0063
194.8693
195.9131
196.1613
196.0539
196.0539
198.8669
198.3404
200.2435
200.2435
197.5051
203.2254
203.2254
199.7757
198.4454
197.1144
197.1144
195.2229
198.7746
199.611
204.2
204.2
204.2
208.0105
208.0105
208.0105
208.0105
208.0105
204.6959
203.857
209.2347
203.1814
197.0385
197.0385
197.0385
197.0385
197.0385
195.0609
195.0609
193.3536
196.3815
199.7401
199.7401
202.8248
202.7727
202.7727
202.7727
202.7727
202.7727
202.6608
200.0565
200.0565
200.0111
204.6922
202.4414
202.4414
202.4414
202.4414
202.4414
199.2316
200.3323
200.8158
198.3973
198.7799
198.412
198.412
201.5854
201.5854
201.5854
201.5854
202.9759
206.9453
210.7689
208.015
212.0116
212.0116
212.0116
211.0687
209.4008
208.81
209.2424
209.2241
209.2241
209.2241
209.2241
209.2241
209.2241
209.2241
209.7246
211.2086
207.6894
207.6894
207.6894
205.6131
205.6131
205.6131
205.6436
203.6687
200.8027
201.2622
201.1429
201.3066
201.3066
201.3066
201.3066
197.4603
195.5695