384.5042
384.5042
384.5042
384.5042
384.5042
384.5042
384.5042
384.5042
384.5042
384.5042
384.5042
384.5042
384.5042
384.5042
384.5042
384.5042
384.5042
386.0747
388.3275
389.3965
390.397
392.1286
391.5495
391.3894
391.4724
390.6739
389.4478
388.9915
389.4695
389.1259
389.8489
390.6907
391.5896
392.8359
392.7895
396.3376
396.5913
399.1434
399.3719
399.2943
398.9114
398.3345
398.4553
397.18
396.4626
397.0685
397.2607
397.3069
396.3099
395.4404
394.5743
395.993
398.5418
399.6926
400.0232
399.8167
397.1051
395.7944
395.6851
395.1929
397.1554
396.5699
396.0568
396.3707
395.7294
396.232
396.2029
396.4224
395.2628
395.7013
394.9295
395.9792
397.4489
397.0599
397.4147
399.407
397.8781
399.0571
398.5129
397.2828
398.6181
398.9488
399.3664
399.8178
400.8263
399.7911
402.9421
402.009
403.8715
402.3125
402.3871
397.916
394.0043
395.2414
395.5823
394.5143
394.5627
391.8303
392.3667
391.7248
393.0314
394.2038
393.6959
389.6564
396.0641
394.5323
394.888
396.7448
396.0041
396.2861
397.7031
399.7885
399.381
400.8582
401.3318
400.0822
399.174
396.2235
399.9295
400.5005
401.0284
403.3323
404.6328
404.6328
405.7106
405.9186
407.8088
406.6804
407.0502
407.5815
410.27
410.27
413.6136
413.1843
411.7167
407.4066
407.4066
407.8757
408.9604
408.6721
408.5927
411.737
411.737
409.6546
411.4085
415.0379
417.6801
417.6801
419.0401
417.1339
419.6301
417.313
421.0601
421.17
421.9815
424.4252
429.7505
431.6816
441.2906
439.9843
447.8435
441.0156
437.7351
444.6107
441.7369
442.11
442.11
441.5313
441.5313
443.9033
444.5436
445.3149
447.7553
442.9117
444.4604
445.2249
443.7059
444.8197
444.8197
444.9691
444.9691
438.397
433.1376
425.7314
427.3411
417.3014
417.3416
420.3759
419.7515
416.3109
416.3109
423.3764
421.1731
415.8326
415.8326
411.9313
411.5463
411.5463
409.1446
400.2947
403.5916
403.5916
392.5453
389.4053
386.2024
384.3428
384.3428
384.3428
380.204
380.204
380.204
380.204
380.204
396.7393
398.7174
411.4565
417.6176
408.697
408.697
408.697
408.697
408.697
422.9556
422.9556
412.705
411.9837
421.5356
421.5356
423.0092
426.6444
426.6444
426.6444
426.6444
426.6444
416.152
410.0117
410.0117
402.9717
405.8579
405.1941
405.1941
405.1941
405.1941
405.1941
401.6329
394.3197
391.2787
387.7848
400.0016
398.5487
398.5487
401.2385
401.2385
401.2385
401.2385
400.155
396.2971
381.0916
375.6811
365.5026
365.5026
365.5026
363.2142
371.0604
375.4113
379.3364
380.5361
380.5361
380.5361
380.5361
380.5361
380.5361
380.5361
386.2126
392.2154
399.2149
399.2149
399.2149
400.2246
400.2246
400.2246
405.3061
402.5051
391.7378
394.0171
397.0654
394.5361
394.5361
394.5361
394.5361
396.4288
391.6759