7.703755
7.703755
7.703755
7.703755
7.703755
7.703755
7.703755
7.703755
7.703755
7.703755
7.703755
7.703755
7.659454
7.659454
7.659454
7.659454
7.659454
7.745844
7.778684
7.650128
7.6256
7.61237
7.602412
7.628739
7.628739
7.628739
7.628739
7.628739
7.628739
7.628739
7.631492
7.607803
7.62372
7.628253
7.678883
7.6566
7.596374
7.641678
7.567871
7.560731
7.534796
7.524624
7.512894
7.505563
7.522869
7.522869
7.494889
7.494889
7.502058
7.480469
7.456948
7.452757
7.424455
7.444116
7.426354
7.423781
7.464786
7.519246
7.495356
7.513344
7.548245
7.487031
7.498793
7.51224
7.500821
7.515706
7.517768
7.53122
7.564731
7.563401
7.489882
7.511272
7.506548
7.52247
7.532234
7.564307
7.549022
7.554931
7.549951
7.566904
7.573769
7.543902
7.593621
7.614736
7.612577
7.582825
7.607103
7.626427
7.646506
7.630581
7.608871
7.547066
7.504395
7.575706
7.556348
7.573788
7.597151
7.620737
7.631877
7.631063
7.692029
7.72156
7.738035
7.737501
7.794758
7.818508
7.826503
7.839579
7.841803
7.858999
7.927261
7.959769
7.940405
7.893198
7.885775
7.874767
7.846974
7.901139
7.930768
7.946539
7.964303
7.989678
7.936971
7.936363
7.935044
7.935044
7.908387
7.897454
7.927404
7.856139
7.976655
7.946191
7.887662
7.908165
7.922756
7.905616
7.878469
7.861015
7.866898
7.82387
7.827778
7.984611
8.014473
8.002341
8.0832
8.075272
8.152062
8.173419
8.135251
8.137244
8.115292
8.139024
8.0688
8.088493
8.072739
8.059038
8.149692
8.187327
8.165075
8.271783
8.334822
8.32782
8.316852
8.257728
8.200421
8.214384
8.197365
8.163095
8.022431
8.011828
8.060569
7.987159
7.959284
7.958968
7.958968
7.994884
7.970068
7.95026
7.89539
7.842732
7.851698
7.837326
7.812859
7.764249
7.764249
7.827477
7.806873
7.742504
7.72743
7.686126
7.684002
7.604428
7.507656
7.650191
7.603833
7.578362
7.535782
7.514438
7.463123
7.429589
7.400037
7.408553
7.408553
7.451573
7.386137
7.383061
7.241556
7.288116
7.401949
7.37956
7.414055
7.456654
7.423729
7.423729
7.457626
7.345556
7.311162
7.305098
7.298755
7.248538
7.248538
7.175382
7.10275
7.185989
7.200246
7.22432
7.22432
7.246332
7.286731
7.270892
7.238392
7.300524
7.220966
7.220086
7.272522
7.272522
7.304026
7.214404
7.214404
7.227063
7.208213
7.301448
7.293465
7.344066
7.300984
7.274544
7.214954
7.225532
7.188311
7.14353
7.153214
7.162629
7.208003
7.252018
7.256387
7.301816
7.170771
7.025774
6.917174
6.917174
6.940457
6.880415
6.891569
6.872556
7.017216
6.874108
6.885506
6.885506
6.776485
6.776485
6.78073
6.791826
6.791826
6.791826
6.903864
6.799529
6.968938
6.953476
6.953476
6.866955
6.943642
6.943642
7.071114
7.071114
7.18413
7.1684
7.088126
7.088126
7.088126
7.125328
7.125328
7.071973