3.018581
3.018581
3.018581
3.018581
3.018581
3.018581
3.018581
3.018581
3.018581
3.018581
3.018581
3.018581
2.954091
2.964103
2.973505
2.976217
2.980234
2.979041
2.981827
2.981827
2.988324
2.988829
2.994766
2.994766
2.981784
2.993691
2.993854
3.005687
3.009079
3.015835
3.020522
3.026058
3.035666
3.044065
3.04277
3.048419
3.043451
3.056187
3.03646
3.058899
3.067554
3.078437
3.078566
3.082473
3.088109
3.084492
3.100497
3.110972
3.071978
3.063929
3.092123
3.104326
3.115012
3.111507
3.148759
3.165619
3.161305
3.190129
3.188233
3.190894
3.176984
3.160636
3.156557
3.144235
3.106622
3.120273
3.142894
3.137094
3.1607
3.147557
3.175056
3.191894
3.177512
3.071365
2.961607
2.973444
2.940322
2.937799
2.967576
2.98428
2.932604
2.898286
2.922556
2.946403
2.900668
2.831429
2.78002
2.775741
2.819385
2.79442
2.814341
2.810997
2.86957
2.886403
2.912157
2.886635
2.872381
2.801668
2.788131
2.82502
2.724849
2.71917
2.71917
2.707295
2.716349
2.729741
2.742616
2.742616
2.756041
2.72225
2.704687
2.699333
2.729662
2.727329
2.747755
2.783754
2.795128
2.74811
2.782204
2.76824
2.778263
2.774714
2.773461
2.758252
2.753363
2.774657
2.757553
2.814678
2.848196
2.870913
2.814512
2.819561
2.886669
2.908543
2.883807
2.889556
2.88285
2.920248
2.929302
2.978558
3.028189
3.028189
2.999299
3.017599
3.074167
3.115096
3.083972
3.11634
3.098199
3.139557
3.108712
3.131305
3.147429
3.136357
3.122825
3.106442
3.061606
3.035667
3.051896
3.106952
3.100368
3.136772
3.12258
3.165318
3.150704
3.111641
3.10417
3.090441
3.047369
3.054992
3.07794
3.094367
3.098777
3.083953
3.077486
3.066965
3.059344
3.045902
3.007528
2.945128
2.963973
2.919341
2.923716
2.937452
2.891386
2.860317
2.839824
2.838887
2.792362
2.767754
2.716085
2.682052
2.663253
2.70614
2.708835
2.674604
2.588773
2.581909
2.576624
2.579452
2.578954
2.564605
2.476688
2.476601
2.47611
2.495547
2.511285
2.529152
2.512895
2.504519
2.504779
2.48896
2.468904
2.454828
2.410283
2.418022
2.395418
2.387404
2.372032
2.37684
2.383619
2.366188
2.345385
2.332579
2.329209
2.307467
2.279562
2.293654
2.293618
2.308895
2.320642
2.327219
2.328636
2.305321
2.296058
2.283268
2.259738
2.259783
2.261226
2.256708
2.265933
2.267114
2.293774
2.29726
2.294599
2.255321
2.20596
2.198732
2.18317
2.163111
2.18143
2.181266
2.176852
2.178362
2.219599
2.221389
2.208322
2.180102
2.150205
2.13916
2.135099
2.132096
2.147733
2.16732
2.170293
2.143582
2.157033
2.163401
2.153886
2.144551
2.11651
2.115021
2.104351
2.091773
2.10506
2.120396
2.127054
2.131483
2.155824
2.162132
2.177414
2.163878
2.149188
2.150179
2.150271
2.138687
2.133565
2.137058
2.144196
2.104
2.128724
2.122959
2.143661
2.146216
2.128801
2.130142
2.134521
2.139928
2.136641
2.143463
2.143169
2.133846
2.160627
2.150538
2.156365
2.155948
2.171371
2.172562
2.189779
2.177655
2.179936
2.182773
2.178055
2.160874
2.183375
2.179285
2.185968
2.169096
2.190829
2.185173
2.194122
2.191828
2.222661
2.22168
2.212725
2.193155
2.207332
2.212026
2.215763
2.200379
2.212637
2.219774
2.216846
2.223422