19.85015
19.85015
19.85015
19.85015
19.85015
19.85015
19.85015
19.85015
19.85015
19.85015
19.85015
19.85015
19.78226
19.70289
19.737
19.72654
19.74605
19.75185
19.79771
19.79771
19.80746
19.83236
19.86484
19.86484
19.80823
19.76698
19.78339
19.78497
19.75021
19.76573
19.85261
19.88512
19.89791
19.89513
19.90075
19.98404
20.11815
20.09425
20.02749
20.04206
20.11482
20.07032
20.04271
20.11279
20.02856
20.12419
20.12778
20.17241
20.26098
20.07629
20.00946
19.98693
19.87446
19.96576
19.89424
19.86765
19.80057
19.91833
19.81372
19.70059
19.60137
19.69834
19.64549
19.55395
19.60264
19.36622
19.20472
19.39775
19.36092
19.42993
19.60766
19.64472
19.5817
19.62551
19.66447
19.60196
19.45615
19.53449
19.62676
19.6876
19.60914
19.37785
19.40812
19.3151
19.77676
19.78626
19.96789
20.04229
20.28322
20.15978
20.23702
20.20946
20.2362
20.31822
20.49356
20.4413
20.75817
20.66585
20.73116
21.05205
21.19029
21.07468
21.07468
20.8868
21.30766
21.41722
21.63467
21.63467
22.61245
22.43344
22.43366
22.43697
22.42434
22.52052
22.92435
23.03574
23.61247
23.63049
23.89473
23.97281
23.89638
23.65619
23.83358
23.81034
23.89323
23.84519
24.12333
24.28513
24.68246
24.96145
25.11576
25.36733
25.27127
25.1549
25.23843
25.61803
25.37792
25.2937
25.59401
26.12419
26.77376
26.77376
27.28378
27.35244
27.21586
27.3006
26.98633
27.24343
27.17824
27.04777
27.29734
27.38473
27.78966
27.84655
28.16805
28.11198
27.87966
27.8483
27.56618
27.85746
27.88635
27.46174
27.4634
27.52029
27.48838
27.37938
27.18503
27.15302
27.01225
26.89375
26.77889
26.6217
26.82393
26.61745
26.46616
25.87613
25.71396
25.55995
25.35561
24.86008
25.01287
24.77725
24.64658
24.83125
24.6271
24.81221
24.90742
24.91698
24.92319
24.94018
24.77651
24.64552
24.95783
25.10161
25.16044
25.21687
25.18307
25.27518
25.22157
25.22715
25.34702
25.35965
25.19062
25.18789
25.50035
25.82236
25.79791
25.89422
26.01338
26.07582
26.28098
26.47733
26.84986
26.78284
26.4936
26.66249
27.10192
27.27647
27.27147
27.38101
27.34662
27.53945
27.87008
27.86327
28.0068
27.96522
28.07864
28.07074
28.45552
28.45309
28.39632
28.37439
28.45917
28.67108
28.95386
28.78989
28.82514
29.00217
29.08414
29.06802
29.50375
29.46884
29.68671
29.81785
29.66514
29.83598
29.85994
29.84574
29.89729
29.91524
29.95704
29.78415
29.77515
29.84523
29.94292
30.09639
30.1705
30.51095
30.89906
30.82363
30.85722
30.8782
30.92942
30.87763
30.89829
30.77033
30.87643
30.86829
30.62674
30.78465
31.06875
30.99381
30.96008
30.88921
30.90474
30.93294
30.78768
30.9092
30.77641
30.73843
30.49563
30.33693
30.34268
30.15903
30.14921
30.25819
30.3807
30.33143
30.20683
30.2582
30.29982
30.47664
30.44876
30.24237
30.30133
30.32946
30.19742
30.06412
30.01507
30.08941
29.98251
29.88474
30.06901
30.22054
30.23913
30.03272
29.88377
30.27649
30.12682
30.14816
30.12313
30.32547
30.21414
30.09651
30.30858
30.51055
30.64977
30.43026
30.33633
30.67469
30.65491
30.58939
30.5887
30.83467
30.62531
30.53508
30.70695
30.79942
30.75715
30.55393
30.68103
30.85147
30.74208
30.68112