0.393243364031917
0.393243364031917
0.393243364031917
0.393243364031917
0.393243364031917
0.393243364031917
0.393243364031917
0.393243364031917
0.393243364031917
0.393243364031917
0.393243364031917
0.393243364031917
0.39124368006147
0.391034832383451
0.39125417917436
0.390742974586483
0.39049953343592
0.389643028264475
0.389977941979922
0.389977941979922
0.389991315558489
0.390058077418728
0.389246617404613
0.389246617404613
0.393105058456464
0.392340650534154
0.391892037905898
0.392071923524854
0.391648775003612
0.391875648414779
0.391884201600068
0.391661873158326
0.391433401104054
0.391168453601114
0.390919809543197
0.391381580778922
0.393005666982962
0.390996671144725
0.38963369190794
0.390095571437431
0.390316300187436
0.391512683726647
0.39200656452627
0.393936776050558
0.395223150790398
0.395766349877702
0.395486405707355
0.393971293708933
0.399640930310607
0.395452132360842
0.396088296447753
0.393758977831636
0.39280958720921
0.394981751944742
0.395741228786461
0.395619811745393
0.393723945857095
0.394523631853103
0.391980860700312
0.390013508822151
0.398885562379001
0.39411575302459
0.390907725063278
0.388199989369557
0.393140722040867
0.395687197637939
0.38853048074561
0.391565105184962
0.388604016314218
0.393278950196058
0.391443644153952
0.392909933054043
0.401172025559792
0.401490548450312
0.399639109423809
0.400030303826123
0.402569197572931
0.399041601357605
0.398806868526719
0.399300482096316
0.396870558524184
0.395918876646172
0.38985249763709
0.388908403902462
0.405776678612015
0.412840139492414
0.405864654964243
0.406988444782582
0.408736018478814
0.406932864935655
0.406884166444542
0.40627696979609
0.4012378855152
0.401830862824549
0.406483928493132
0.405977091651551
0.419949252783468
0.432933128192814
0.422566877208991
0.421404773533948
0.425773100004257
0.425202253335411
0.425202253335411
0.428383270512183
0.425311456035481
0.421625607369858
0.427241492506272
0.427241492506272
0.430611650646263
0.446973869044094
0.444146730656169
0.44638216620833
0.457319147122406
0.456087899157634
0.459260134560708
0.460145588693439
0.469499937259881
0.470432914418692
0.475614170238968
0.473259244211498
0.46675557128604
0.481338273348653
0.484506902649537
0.4746844819997
0.475681448731455
0.475175359107056
0.476922967380674
0.477168600494045
0.480452100984428
0.480243824767216
0.494463289691507
0.494329499343824
0.490942261289445
0.504167434844305
0.507224075622579
0.514114388519282
0.507004940730911
0.514373356005159
0.510912824816759
0.503170727074478
0.511603073856742
0.511603073856742
0.520847052521991
0.523023268814515
0.516523215789252
0.539314529849999
0.537951881705421
0.542800572595808
0.535490268259464
0.535943253479376
0.544103001439899
0.544833803574324
0.564448509590013
0.560448677417054
0.574430658875771
0.580414741516496
0.568922887070927
0.574024585879496
0.571162349788066
0.57979358513871
0.579658942991198
0.575030846969581
0.578822008402259
0.579411359912681
0.593115793724658
0.580277040252424
0.589935292704925
0.592112713887695
0.585559406676362
0.57913220508224
0.580459676262054
0.577814317985719
0.575854748166818
0.573217983110833
0.570472486058378
0.564278473107962
0.574668951160091
0.570928383671312
0.563501350524781
0.557130651395796
0.556953226442799
0.556484909232836
0.561231576681801
0.563555343122263
0.551858232104538
0.55512992303806
0.554527903875061
0.555821933202122
0.560741562360682
0.560493369752941
0.559071684035885
0.560011468590431
0.561293933480915
0.564196083083325
0.574144041871973
0.570943643923237
0.559629719834499
0.574867835848944
0.572150960335378
0.572953024042955
0.58166894399059
0.582389762947135
0.582536849504745
0.582053001755484
0.587886577448608
0.588803400123462
0.598023301443491
0.603036261530169
0.599425625761849
0.607794103023638
0.6071515516591
0.611386584472387
0.615659171364935
0.614456281142043
0.610036363976546
0.601533877412446
0.603253265659556
0.612859628445037
0.611284759460891
0.617615941182058
0.619180003598229
0.629802171187871
0.635341135579216
0.628453867619405
0.629919543681109
0.623782768531001
0.623890915135516
0.620370855479692
0.618524746000924
0.623333519227872
0.626332452682649
0.634774803817284
0.639689891572927
0.634142290850435
0.65193407364542
0.652310862837542
0.653184624983933
0.65546888235028
0.657306298913785
0.654317625890356
0.650790148940735
0.652254759174428
0.650245933390853
0.650500343590087
0.647125835338074
0.644837622352592
0.651486476646466
0.649761461390975
0.648628717768957
0.642001753758712
0.647002546632306
0.644276320337961
0.644053212106677
0.646208338260305
0.639316621115294
0.639853192554624
0.641115018155214
0.641328076642354
0.641071148593995
0.641607080032752
0.635141734306531
0.634693703195763
0.651717639344083
0.644297703177703
0.640484026253678
0.653448857308757
0.649810739907529
0.646826792469377
0.648317194403183
0.651046293533584
0.655741601222943
0.651221008294923
0.651893527958667
0.653983105870386
0.675012532556764
0.669688396454124
0.668246822866805
0.695668118594447
0.689259395019763
0.674389676081622
0.673740991581867
0.678558702117629
0.68568178911982
0.677649555254578
0.67904637659343
0.673464037494153
0.698212228355586
0.68865160426286
0.680351724952105
0.71288596980329
0.711977330636134
0.701753103643546
0.700334189414708
0.723417942074209
0.725738179503334
0.714268617542593
0.716591198832475
0.71358913991349
0.738072010438303
0.731076536436539
0.725009884067426
0.769131950022905
0.762152765407918
0.757102152290484
0.753242855469984
0.788795959183897
0.788928625096578
0.78116723209064
0.805759278707288
0.799498846575449
0.81709455028877
0.80899338777425
0.808589064457785
0.849998551225824
0.835195847499784
0.822409298201329
0.818059279368047
0.872197871193876
0.866684297775901
0.851698158329095
0.888351449996847
0.881686876953891
0.888603927574485
0.881249326588301
0.890481334272483
0.927787146728442
0.918801741680027
0.908365426510635
0.895951467594209
0.951598125082109
0.941432381704479
0.926792391907608
0.984161150826279
0.975777263857667