250
250
250
250
250
250
250
250
250
250
250
250
375
385
388
390
390
388
387
387
383
382
378
378
440
447
444
441
434
427
421
418
411
405
402
397
424
410
385
351
322
313
303
284
268
253
244
234
245
242
229
208
192
177
163
160
152
145
139
130
135
135
135
132
125
118
116
112
110
103
100
97
99
104
101
100
99
97
96
95
90
86
81
78
76
83
85
85
82
81
79
78
76
75
73
72
71
77
78
77
74
75
75
73
70
69
71
71
69
75
76
75
76
77
75
76
76
75
76
77
75
80
79
83
82
83
81
82
81
76
76
74
76
80
82
84
86
85
83
83
80
80
79
78
82
86
90
91
92
93
93
94
95
96
95
96
101
105
107
109
109
109
110
110
113
117
116
117
120
122
126
131
132
131
132
133
136
139
141
140
142
145
149
151
155
153
152
155
157
160
162
163
164
169
173
174
176
176
177
180
181
184
186
187
190
197
201
207
210
211
213
214
219
221
224
224
230
232
238
240
242
242
246
244
249
251
252
248
252
256
262
263
263
266
260
259
265
266
268
271
269
273
282
286
289
288
293
294
298
294
299
298
301
304
311
312
313
311
319
321
324
323
322
324
320
330
339
348
350
349
361
366
372
371
374
379
382
391
404
408
415
420
428
435
441
443
457
467
466
476
485
497
498
514
523
533
555
557
576
582
592
622
637
649
652
678
699
713
745
751
787
798
811
862
880
905
913
969
1002
1031
1093
1103
1149
1166
1221
1290
1315
1367
1390
1488
1536
1577
1695
1716