200.4272
200.4272
200.4272
200.4272
200.4272
200.4272
200.4272
200.4272
200.4272
200.4272
200.4272
200.4272
202.6634
202.6129
202.5448
202.5376
202.243
202.2236
202.161
202.161
202.151
202.1546
202.2318
202.2318
204.4403
204.6997
204.8139
204.792
204.9237
204.8593
204.8388
204.8453
204.896
205.052
205.0896
205.0179
207.1979
208.021
208.606
209.561
209.7153
209.7476
209.4369
210.1573
210.25
210.4439
210.6705
210.6324
211.8065
212.9073
213.9585
215.0348
216.006
216.3488
216.4294
216.6632
216.8821
217.1593
217.6433
218.1124
217.492
219.4301
220.2135
221.431
222.4298
222.7561
222.8105
222.9531
223.1914
223.5536
223.6614
223.3131
222.9955
223.7781
225.4343
225.9445
225.7085
225.8393
226.1702
226.2739
226.4557
226.5069
227.3228
227.7374
226.9337
227.3152
229.1367
229.2294
229.6702
229.6338
229.8794
229.9943
230.2234
230.591
230.8148
230.8798
230.4339
230.9026
232.3198
233.2632
233.5
234.0859
234.0859
234.839
235.7861
236.2252
236.0664
236.0664
235.4566
235.0165
235.8569
236.7937
236.7909
237.2433
237.5544
237.9228
237.952
237.7775
237.7498
237.8839
238.03
236.4509
236.4826
237.5088
237.5196
237.8826
238.9538
239.4801
239.8025
239.9165
239.9934
240.4566
240.7169
239.776
240.3726
240.3769
240.0877
240.1219
240.6789
242.6366
243.1073
243.1073
243.0763
243.2514
243.0054
241.7018
242.8694
242.9373
242.7568
242.833
242.7817
243.2107
242.1455
242.9226
242.6017
242.8331
242.1961
242.4179
243.3891
242.5085
243.3216
243.1578
242.9458
242.9173
242.8465
243.736
244.0094
244.3315
243.8454
244.1554
245.5677
244.5588
244.208
243.8572
243.6462
244.0601
244.1334
244.561
245.9313
246.8956
246.7542
246.5502
247.5471
247.7261
247.2086
247.5155
247.7894
248.2532
247.9857
247.8521
249.0896
249.4535
249.2605
250.0513
250.6345
250.3596
250.0495
250.5523
250.351
250.3309
250.5085
250.5081
251.2728
251.9763
251.6702
252.4446
252.8243
252.3864
251.837
252.5421
253.0091
253.3842
252.785
252.5471
253.2511
254.0549
254.041
254.1783
253.8397
254.3522
253.6282
253.0305
254.1879
254.227
253.2983
253.0445
253.5419
253.8177
253.9402
254.4062
254.5858
254.7942
254.9585
254.6342
255.9252
256.9931
256.0465
255.8565
256.645
257.0082
257.0338
257.5267
257.5079
257.2009
257.9117
257.3694
258.4235
259.3578
258.8318
258.6778
259.7466
260.5991
260.304
261.4969
262.6209
263.1167
263.6133
262.7097
265.1445
265.9625
266.6102
266.7133
268.8318
270.0473
270.5173
270.8857
271.6381
272.5441
272.8288
273.3142
275.1296
276.0406
276.4418
276.2832
278.9636
280.4274
281.0234
282.7113
283.3741
284.7298
286.0007
287.4066
289.3292
291.9091
291.9571
293.1501
295.674
297.8844
298.3734
301.5261
302.7043
303.7691
305.5389
306.9048
308.1648
309.9762
310.9874
311.8557
314.6575
316.1128
317.1722
320.4173
321.2197
323.1414
324.6073
327.6546
328.8996
329.9757
331.9925
333.1374
334.156
335.8643
337.6615
339.8559
341.2251
342.6374
343.7736
345.4751
345.8516
346.9398
348.6477
349.1331
350.4646
351.5564
353.3913
354.9696
355.6062
356.5775
357.4428
359.2228
360.7501
361.4521
362.9115
363.4531