0.387112226310475
0.387112226310475
0.387112226310475
0.387112226310475
0.387112226310475
0.387112226310475
0.387112226310475
0.387112226310475
0.387112226310475
0.387112226310475
0.387112226310475
0.387112226310475
0.399519471197452
0.397813180554155
0.397813180554155
0.397813180554155
0.39617333437745
0.395018545245977
0.395018545245977
0.395018545245977
0.395018545245977
0.395018545245977
0.395018545245977
0.395018545245977
0.408966239293589
0.408179331891194
0.408179331891194
0.40737757616313
0.40737757616313
0.405983497001678
0.405983497001678
0.405742943223362
0.405742943223362
0.404694489605097
0.404874751042377
0.405501741698941
0.414863103430751
0.414087507385569
0.414245997840695
0.414278850397882
0.412851146308723
0.412824748460862
0.413548286999134
0.413932579426793
0.415511805413032
0.413677451877846
0.413763722659566
0.418513136076792
0.426744301963911
0.426880016363314
0.428010084968211
0.433282542894583
0.431488503225674
0.437272835742567
0.438823336779931
0.438395153784576
0.441589556720416
0.44997798780025
0.450924179237436
0.450480853689176
0.454131065667599
0.449547678298078
0.449910650885507
0.454544808666252
0.450987152349978
0.447202346438782
0.447464549711281
0.447602005362181
0.442495301850017
0.441575057551515
0.446823064690876
0.449465004684008
0.45156503751192
0.454053397050988
0.45338018225743
0.45338018225743
0.444678672092247
0.445907968514237
0.445038888618044
0.446637709549115
0.444959355394406
0.44434002159825
0.442008018165274
0.44591910131897
0.454368442419436
0.459811068141085
0.456006297150559
0.455197654670546
0.451414315443373
0.451414315443373
0.451243054940744
0.449800488683624
0.448510688288267
0.449352164433485
0.446841273209081
0.454385745414536
0.463419483974127
0.470490454021067
0.467811006088026
0.461553760799292
0.460601476741385
0.460601476741385
0.460601476741385
0.454290681271631
0.454290681271631
0.462450786193422
0.464547599867777
0.465175780977947
0.462605982231823
0.468892700335424
0.462950859085355
0.464243823333635
0.466155125815642
0.470805374049295
0.471193163727109
0.471193163727109
0.462523841810397
0.462523841810397
0.469589464255084
0.465623196326073
0.470070600655469
0.472375202507506
0.469697643662654
0.458545039943881
0.458722353801957
0.461895585882051
0.46424274589854
0.46424274589854
0.468267860949215
0.470582507744255
0.454345546843694
0.454345546843694
0.452693028959124
0.474159888078617
0.460888119715508
0.456320991021919
0.45839684780526
0.45839684780526
0.460114396960677
0.460114396960677
0.460135608831369
0.46379035329924
0.46379035329924
0.45759417898899
0.455797990857494
0.461553846015516
0.456261305573747
0.458738087548376
0.460647767276578
0.467687347653676
0.467687347653676
0.467687347653676
0.467687347653676
0.467687347653676
0.461714438145094
0.454160262726748
0.455550939802885
0.479512625769826
0.482886048415648
0.478399195260675
0.476207717746752
0.479521802382184
0.48352238742943
0.48352238742943
0.48352238742943
0.481274651115245
0.488282985696713
0.493413023083219
0.475092841309929
0.509541581673962
0.509541581673962
0.506236772975268
0.506236772975268
0.519647698324908
0.519647698324908
0.516268159391019
0.525491421923234
0.525491421923234
0.525606722356554
0.525606722356554
0.50456178608388
0.544890485504161
0.554359891088178
0.54528768387548
0.553087297708378
0.552339776326278
0.552339776326278
0.552339776326278
0.553482648519846
0.563030855240425
0.563030855240425
0.563030855240425
0.562706951081316
0.602254151820866
0.610733262385573
0.610884029623289
0.610884029623289
0.614041870848645
0.614041870848645
0.626688135405117
0.61353979395069
0.609916182977299
0.609916182977299
0.610461017752268
0.610461017752268
0.65016035752451
0.662864493217144
0.649951295093112
0.649951295093112
0.654921707229696
0.660667559685397
0.661528358755892
0.661528358755892
0.651677996297187
0.643337435671618
0.643337435671618
0.643337435671618
0.685700076751875
0.682306895943665
0.682306895943665
0.682306895943665
0.67225757330048
0.676345979759847
0.666262622227185
0.666262622227185
0.680069147788691
0.684715483684515
0.675009236741133
0.664500556420229
0.708652515545649
0.709118743599469
0.703244585786247
0.703244585786247
0.708668320809428
0.693466866333256
0.693466866333256
0.689034999313705
0.703636503174975
0.703151124323752
0.696779809297007
0.691545647925995
0.735123081044022
0.706121075362055
0.686771915152631
0.674627112555185
0.68447294061991
0.670102960165299
0.675564352143505
0.675564352143505
0.700519795966516
0.706996497382855
0.706566456876112
0.702205987644196
0.744397866233469
0.722989713952872
0.70507670380199
0.687640690708888
0.678458094645514
0.650853868526353
0.640164892299884
0.635745970429759
0.641067974817219
0.647493058019315
0.660533044453701
0.662106700565531
0.692047284214592
0.68618437582272
0.687069091579862
0.660729167697846
0.685122297339556
0.661129699229531
0.643628874739722
0.633073591029068
0.646261782931327
0.641229394378296
0.639534882987
0.65162536623972
0.671184401193404
0.658972716861415
0.653879097340745
0.641490932972932
0.666534935801454
0.661236895495459
0.656955933076531
0.640790410058329
0.639070018385715
0.630667028630616
0.62492971393804
0.632700953615815
0.626825010833639
0.621030970916494
0.617219261570514
0.625488357183859
0.653809266266677
0.643902452228503
0.635041893798251
0.635564482292805
0.628052425982182
0.61235007341876
0.608282967995973
0.615699770132836
0.605367973746707
0.594295984790336
0.586717292489577
0.594993003296991
0.614888719357709
0.602206114778671
0.607323877971285
0.615204356065662
0.608251787541521
0.596197985872114
0.595176164333849
0.601157886853899
0.595399730948058
0.579808436934981
0.571101751464926
0.584147493702488
0.589939122729356
0.583356350559555
0.590574364853623
0.604036163401191
0.600015084640574
0.590159906612578
0.588700134553104
0.601362878788623
0.594760695500206
0.585173466441459
0.57583040467069
0.577997031700579
0.583643052869368
0.57461425148102
0.581282173548965
0.594669233155502
0.590281173605833