3.788471
3.788471
3.788471
3.788471
3.788471
3.788471
3.788471
3.788471
3.788471
3.788471
3.788471
3.788471
3.806301
3.823142
3.823142
3.823142
3.808497
3.815997
3.815997
3.815997
3.815997
3.815997
3.815997
3.815997
3.821113
3.818754
3.818754
3.831552
3.831552
3.832852
3.832852
3.831262
3.831262
3.835274
3.839457
3.844693
3.787676
3.79785
3.782888
3.778467
3.78604
3.809097
3.828276
3.82544
3.834293
3.820046
3.857456
3.870528
3.833122
3.784824
3.803466
3.799765
3.816846
3.787765
3.844269
3.838795
3.806488
3.818916
3.824559
3.823053
3.795872
3.684325
3.695134
3.683204
3.609864
3.620631
3.614397
3.637837
3.667478
3.637223
3.631582
3.620241
3.588198
3.47711
3.477428
3.477428
3.483118
3.428306
3.424133
3.388031
3.326855
3.351729
3.352409
3.285045
3.204432
3.085364
3.078426
3.096799
3.097408
3.097408
3.032293
2.999955
2.994417
3.013738
2.97372
3.00303
3.009022
2.855084
2.781822
2.753179
2.701722
2.701722
2.701722
2.726054
2.726054
2.763864
2.782071
2.760305
2.770433
2.603089
2.641128
2.623745
2.609775
2.575739
2.371602
2.371602
2.368674
2.368674
2.376907
2.355135
2.272255
2.21494
2.206089
2.208511
2.20386
2.183017
2.173471
2.173471
2.16478
2.173923
2.158916
2.158916
2.173322
2.113897
2.076305
2.069745
2.058542
2.058542
2.036867
2.036867
2.06426
2.040363
2.040363
2.033393
2.062822
1.991619
1.988099
1.992915
2.005553
1.945995
1.945995
1.945995
1.945995
1.945995
1.944204
1.942756
1.940578
1.852793
1.824661
1.840479
1.905818
1.872737
1.849988
1.849988
1.849988
1.867032
1.889203
1.89944
1.911633
1.85215
1.85215
1.812011
1.812011
1.817479
1.817479
1.836793
1.836651
1.836651
1.832136
1.832136
1.875943
1.803608
1.823256
1.77328
1.772699
1.790487
1.790487
1.790487
1.815666
1.817362
1.817362
1.817362
1.833574
1.771682
1.73879
1.716262
1.716262
1.714868
1.714868
1.67425
1.675139
1.647543
1.647543
1.667408
1.667408
1.600502
1.589115
1.568685
1.568685
1.576933
1.544792
1.571205
1.571205
1.619814
1.659462
1.659462
1.659462
1.626005
1.657287
1.657287
1.657287
1.661463
1.639709
1.654407
1.654407
1.639894
1.628313
1.664055
1.706005
1.679304
1.68777
1.775093
1.775093
1.787086
1.785455
1.785455
1.788934
1.74812
1.803072
1.840377
1.875108
1.844157
1.844521
1.917084
1.958245
1.94524
1.948482
1.960616
1.960616
1.966764
1.973689
1.994307
1.985072
1.934795
1.931154
1.974969
2.015832
2.027122
2.064658
2.144243
2.157183
2.187167
2.205547
2.210168
2.247418
2.212937
2.200973
2.180719
2.237527
2.211784
2.214344
2.317912
2.341822
2.353325
2.383739
2.460806
2.436104
2.489494
2.488312
2.468794
2.511048
2.483435
2.471982
2.460244
2.490155
2.523505
2.589164
2.613316
2.553072
2.621883
2.671097
2.656478
2.668064
2.659693
2.638281
2.627953
2.638324
2.636001
2.674954
2.69294
2.6592
2.682547
2.754332
2.757626
2.712985
2.699524
2.728977
2.680444
2.690665
2.689716
2.690588
2.692391
2.651447
2.672912
2.720142
2.731516
2.68699
2.685296
2.70208
2.684402
2.658608
2.665353
2.6838
2.676649
2.634564
2.64934
2.655604
2.68285
2.645645
2.645534
2.657541
2.650229
2.609172
2.63303