80
80
80
80
80
80
80
80
80
80
80
80
119
122
122
122
123
124
124
124
124
124
124
124
148
150
150
152
152
153
153
154
154
155
152
149
157
156
153
148
144
140
137
134
133
130
125
119
123
126
122
116
113
108
103
102
99
93
90
89
95
89
87
83
79
77
73
71
66
63
61
61
67
69
68
68
68
66
64
63
61
58
53
49
51
55
55
54
52
52
51
50
49
48
47
47
49
53
53
50
48
48
48
49
49
47
46
47
48
51
51
50
49
48
45
45
45
45
44
43
44
48
45
45
44
43
42
42
41
40
40
40
41
45
42
43
43
43
42
42
41
40
40
41
42
47
46
45
46
40
40
40
40
40
39
40
42
45
43
42
44
43
41
41
41
40
38
37
35
38
38
38
38
39
39
38
37
37
36
36
34
38
37
37
36
38
38
38
37
36
36
36
34
40
39
39
39
41
41
38
37
37
37
36
36
40
39
40
40
42
40
38
38
39
40
40
40
43
43
43
43
46
44
43
43
44
43
44
45
48
49
49
49
48
50
50
49
51
50
51
51
54
56
57
55
56
58
57
57
58
58
58
58
61
66
68
69
70
70
72
73
78
77
76
80
84
87
87
92
94
95
97
100
104
105
106
112
119
124
125
129
137
140
141
145
154
156
160
170
181
184
189
198
205
211
213
219
233
240
241
256
271
280
292
308
323
334
343
349
369
381
382
405
425
444
461
486
511
523
539
564
588
608
625
658
682
704
733
782
816
843
883
929
952