199.8876
199.8876
199.8876
199.8876
199.8876
199.8876
199.8876
199.8876
199.8876
199.8876
199.8876
199.8876
202.1717
201.8551
201.8551
201.8551
201.5644
201.5637
201.5637
201.5637
201.5637
201.5637
201.5637
201.5637
203.2831
203.4568
203.4568
203.2764
203.2764
203.2557
203.2557
203.1243
203.1243
203.1643
203.2975
203.3599
205.5657
205.5953
205.5243
206.0333
206.3206
206.459
206.546
206.7407
206.7122
206.8102
207.4534
207.9531
209.2405
209.8903
210.2581
211.0764
211.5247
211.7279
211.6363
211.6501
212.2289
213.2614
213.5945
213.4258
214.4818
216.878
217.0803
217.3251
218.3122
219.0079
219.2322
219.2255
218.787
219.2834
220.1921
221.0067
221.7251
223.0197
223.1496
223.1496
223.671
223.9384
225.0956
225.0079
225.4013
226.4729
226.2812
227.765
227.3455
230.5396
230.8679
231.1692
231.535
231.535
232.1261
232.1766
232.0193
231.7428
232.2808
231.7603
230.3831
231.7224
233.6534
232.9093
233.3061
233.3061
233.3061
233.6674
233.6674
234.3167
234.0076
233.916
233.7697
234.726
235.566
235.8718
236.0874
236.2135
236.535
236.535
237.804
237.804
238.0052
237.6969
238.0151
240.6497
242.4713
242.5805
241.8263
242.2756
242.4913
242.4913
242.7596
242.9569
244.3398
244.3398
244.962
246.4258
247.0244
247.4572
247.0377
247.0377
247.6253
247.6253
246.4553
246.6412
246.6412
246.7348
247.9623
251.1368
250.8419
250.4667
249.9926
252.6115
252.6115
252.6115
252.6115
252.6115
252.7394
251.8947
251.0706
254.2849
256.2163
257.3311
257.5852
258.5681
259.9023
259.9023
259.9023
260.3287
259.0054
258.5999
259.8368
262.0319
262.0319
264.6192
264.6192
269.6458
269.6458
270.591
271.2131
271.2131
271.7176
271.7176
270.8412
270.3649
272.8363
275.4514
275.7241
279.3171
279.3171
279.3171
280.4865
281.3199
281.3199
281.3199
281.1087
277.1336
278.1172
280.0923
280.0923
283.6361
283.6361
286.1187
289.0975
293.0694
293.0694
294.2262
294.2262
289.4337
291.3564
291.3869
291.3869
294.724
298.0339
295.5566
295.5566
298.6335
299.4914
299.4914
299.4914
297.779
293.0822
293.0822
293.0822
295.5375
298.4976
296.76
296.76
300.7388
300.6505
300.9321
304.4041
302.2177
300.3364
303.2951
303.2951
303.9528
304.1348
304.1348
305.508
307.3616
308.7445
308.4284
312.0152
311.8861
308.1887
309.2335
316.0096
316.6761
316.8117
317.5793
317.5793
322.8616
324.3823
323.1279
327.5937
326.5314
324.4562
324.9693
330.292
331.4974
332.7588
334.3755
335.4159
338.0985
338.6897
342.1032
346.2027
345.3272
342.4991
342.8818
346.9281
348.4104
348.0614
349.6306
352.0388
354.9938
355.2721
357.8529
357.3762
358.3559
358.2086
358.904
361.5524
363.7256
363.2201
362.7148
364.7972
368.1783
370.4833
371.7184
371.2674
372.9594
373.3315
372.5653
373.5621
376.2031
376.2711
375.7456
377.9614
379.75
382.1474
384.0194
384.2846
386.094
386.0744
386.0574
386.0656
386.9419
387.5013
387.1405
388.6594
389.8028
390.4528
391.2983
392.7658
393.8345
394.2305
394.6997
394.7372
395.7948
396.3036
396.9458
396.333
397.6475
398.1188
398.4351
399.26
400.1212
400.9514
401.2656
402.1638
402.6478
403.8611
404.2977
403.6743
404.884