29.96847
29.96847
29.96847
29.96847
29.96847
29.96847
29.96847
29.96847
29.96847
29.96847
29.96847
29.96847
30.7142
30.55863
30.55863
30.55863
30.51715
30.60709
30.60709
30.60709
30.60709
30.60709
30.60709
30.60709
31.37484
31.38035
31.38035
31.31086
31.31086
31.35498
31.35498
31.39234
31.39234
31.43651
31.52138
31.52469
32.02832
31.97423
31.98152
32.1303
32.20695
32.32763
32.37416
32.43304
32.52731
32.65416
32.97771
33.24945
33.44009
33.62912
33.523
33.75948
33.85974
34.13931
34.28542
34.27472
34.40604
34.41166
34.42727
34.43911
34.37275
33.85676
33.82743
33.81069
33.69607
34.086
34.28199
34.25193
34.38718
34.52519
34.42488
34.60907
34.19532
34.09904
34.08237
34.08237
33.94947
33.70143
33.62216
33.41933
32.77385
32.39946
32.45584
32.41309
32.26324
32.02408
31.7214
31.51962
31.482
31.482
31.42334
31.26752
31.26515
31.05099
31.27115
31.58634
31.07622
30.32985
29.80451
29.71999
30.00023
30.00023
30.00023
29.93849
29.93849
30.15244
30.57016
30.7299
29.9877
29.76939
29.84197
29.59341
29.71601
29.84264
29.43091
29.43091
29.06742
29.06742
29.25717
29.0721
28.95113
28.80116
28.29424
28.53753
28.84715
28.98048
29.31192
29.31192
29.52115
28.9346
29.65152
29.65152
29.69201
29.44194
29.50116
29.91319
29.98056
29.98056
30.23174
30.23174
30.66401
30.82475
30.82475
31.01548
31.37197
30.9016
31.36069
30.69245
30.02508
30.70967
30.70967
30.70967
30.70967
30.70967
31.17134
31.48706
31.70897
33.18058
33.97882
33.0077
32.64318
32.87169
33.03683
33.03683
33.03683
33.68269
34.4545
33.56464
31.45294
31.51226
31.51226
31.17567
31.17567
31.61547
31.61547
32.2796
32.12715
32.12715
31.99643
31.99643
29.41388
29.7236
30.20861
29.79941
29.31555
29.10876
29.10876
29.10876
29.70115
29.45271
29.45271
29.45271
29.72513
29.72341
30.10474
29.11981
29.11981
28.75135
28.75135
28.46433
25.02508
24.98551
24.98551
25.52542
25.52542
24.67947
24.2938
23.84215
23.84215
23.82619
23.22219
23.42295
23.42295
23.3794
23.29108
23.29108
23.29108
24.1093
24.44701
24.44701
24.44701
23.95175
22.81789
22.57246
22.57246
22.77824
22.89784
22.73296
22.82344
23.22746
23.06106
23.4901
23.4901
23.5829
22.97187
22.97187
22.62082
22.79437
22.74188
22.50326
22.59484
22.87287
22.09498
21.87998
22.1558
22.61368
22.07163
21.70786
21.70786
21.58302
21.78348
21.63455
21.63996
21.78615
21.26531
21.18973
21.13774
21.57581
20.9059
20.89592
21.02918
20.92557
21.11645
20.68955
20.71402
20.73902
20.59231
20.63311
20.85984
21.32148
20.93804
20.90982
21.05842
21.6421
21.51664
21.65516
21.74382
21.69097
21.43508
21.3394
21.17159
21.16811
21.35889
21.40308
21.41435
22.13903
22.14379
22.15776
22.43233
22.49816
22.21976
22.09322
21.94197
22.09209
22.22965
22.02611
22.25504
22.87436
22.70905
22.74158
22.80451
23.12815
22.86656
22.60653
22.67757
22.7485
22.5531
22.62457
22.6848
23.16474
22.93149
23.06758
23.5467
23.63878
23.42546
23.31744
23.11545
23.28411
23.20181
23.06079
23.10706
23.38108
23.23577
23.21639
23.98473
23.95568
23.78549
23.67869
23.6094
23.74118
23.62807
23.60192
23.72839
23.90133