174.6141
174.6141
174.6141
174.6141
174.6141
174.6141
174.6141
174.6141
174.6141
175.2059
175.2059
175.2059
175.2059
175.2059
175.7303
175.7303
175.7303
176.6485
176.5094
179.8476
180.2413
179.9054
180.0506
180.5374
180.5374
181.5659
182.0576
182.282
182.31
182.2749
182.4787
183.2492
183.8095
183.9303
183.7158
183.7386
184.0756
183.4158
183.4249
183.3579
183.8755
184.855
185.7411
186.1663
186.7673
187.8572
188.2747
188.8711
189.8531
190.9304
191.4218
191.9474
192.2618
191.0805
190.8529
190.2618
190.775
191.2037
191.3885
191.9709
191.8449
192.3174
192.5461
193.6495
194.4633
195.3925
195.6466
195.9693
195.9124
195.6043
195.8895
196.4487
196.0121
196.0606
196.3631
196.1378
195.8835
195.1591
194.4793
194.2394
193.9908
193.9528
194.7405
194.9669
194.5287
194.7828
195.2754
196.152
196.3469
196.1442
195.3549
194.691
193.8659
194.1519
194.5534
195.1821
195.3226
195.4099
195.7123
196.1658
197.0296
195.926
194.8681
195.0474
196.5834
197.2293
198.7436
198.3498
199.9222
200.5015
198.7604
198.8514
199.9042
198.9537
200.0806
201.6391
199.7796
199.5483
201.5673
201.4751
201.5238
201.3455
202.3468
201.3379
202.0151
199.6062
201.3028
202.8198
202.0507
201.4
200.9677
201.6655
202.1057
203.6082
203.0302
203.2435
205.1037
205.1168
205.8067
206.7304
207.4399
205.9586
205.2739
205.6898
204.7848
203.2297
202.5612
203.6453
203.0461
203.4086
202.1388
203.529
206.779
204.4056
204.4342
204.1366
203.3897
205.6239
206.8482
207.7653
207.7908
207.9052
209.3754
209.1104
207.49
205.4304
205.1059
201.8777
202.5147
201.9125
198.6955
198.3796
198.3796
198.5699
200.48
200.48
194.9939
196.0794
198.2866
200.4634
199.923
200.4051
200.6275
200.5932
201.3149
198.3547
198.3547
195.4739
195.4739
196.5048
199.1561
197.0705
194.9202
196.8133
199.0597
196.1991
196.4735
191.7607
190.7641
191.5705
189.6543
192.6497
189.8762
189.2067
189.2067
190.6945
193.5987
193.5987
193.5987
193.7528
191.8544
191.8544
193.2489
190.4696
190.4696
189.8577
185.9495
190.4832
193.8568
193.8893
191.4369
193.2541
193.2541
188.9234
188.2307
190.4158
192.4825
191.1713
195.3876
195.3876
195.3876
195.3876
200.2853
200.2853
201.1716
200.772
199.0298
203.1847
204.7203
198.9673
198.5942
198.5942
198.5942
198.1265
194.3726
194.3726
193.4693
196.1667
199.1309
199.1309
197.7722
194.789
194.5539
194.5539
194.5539
194.5539
194.5539
212.539
212.539
212.539
208.3361
208.3361
199.0591
220.9546
220.9546
238.683
238.683
229.5213
229.5213
229.5213
229.5213
229.5213
229.5213
229.5213
229.5213
229.5213
219.4877
219.4877
219.4877
170.8073
170.8073
170.8073
170.8073
0
0
0
0
0
0
0
0
0
0
0
0
0
0
0
0
0
0
0
0
0
0
0
0
0
0
0
0
0
0
0
0
0
0
0
0
0
0
0
0
0
0
0
0
0
0
0
0
0
0
0
0
0
0
0
0
0
0
0
0
0
0
0
0
0
0
0
0
0
0
0
0
0
0
0
0
0
0
0
0
0
0
0
0
0
0
0
0
0
0
0
0
0
0
0
0
0
0
0
0
0
0
0
0
0
0
0
0
0
0
0
0
0
0
0
0
0
0
0
0
0
0
0
0
0
0
0
0
0
0
0
0
0
0
0
0
0
0
0
0
0
0
0
0
0
0
0
0
0
0
0
0
0
0
0
0
0
0
0
0
0
0
0
0
0
0
0
0
0
0
0