416.3608
416.3608
416.3608
416.3608
416.3608
416.3608
416.3608
416.3608
416.3608
416.6465
416.6465
416.6465
416.6465
416.6465
417.0257
417.0257
417.0257
405.5309
404.769
404.7061
405.0866
403.148
401.9768
402.6575
402.6575
402.05
401.3439
401.1679
400.7247
401.1626
400.9911
400.2567
400.0513
399.0338
397.9719
399.5422
399.8499
400.4348
399.4531
398.6993
398.886
399.0611
398.4956
398.5951
397.1417
397.2576
397.1023
396.6097
396.3939
396.7919
395.8522
394.2236
395.238
393.6398
393.1906
394.9169
393.9421
394.0186
395.0274
394.4603
394.4711
394.4869
395.2043
395.5693
394.9882
396.3024
398.1542
400.086
399.5314
399.6025
400.4341
399.5658
399.3174
400.5404
400.3953
401.6924
401.1895
400.814
401.4184
402.0672
400.6276
399.8173
400.7331
401.7241
401.398
400.4988
402.8501
404.5363
405.1571
405.4243
402.2872
398.9971
394.2127
391.4912
393.9702
394.3689
393.2483
396.1796
396.7958
397.7022
398.6056
397.7791
397.3
393.0941
390.9265
390.2448
393.1659
394.2986
394.9902
394.1358
395.4736
395.427
393.0888
393.6638
392.7819
393.0833
392.1382
392.6412
391.8033
392.1203
390.4423
390.2716
386.6626
385.4911
381.9728
376.8501
381.4644
384.5325
388.6749
386.4519
385.7916
383.7195
384.5114
382.3195
381.9982
379.7042
378.3462
376.3503
376.3362
371.5393
370.5493
371.9271
366.8871
364.5144
370.563
375.9362
377.8665
375.902
377.968
380.3853
380.4179
380.9441
380.9196
384.9074
384.6221
382.7518
382.7538
388.6028
391.0363
391.9805
391.1907
400.25
399.012
396.6687
396.1098
389.9109
387.2452
390.3029
394.2283
401.7793
406.5875
405.3885
405.3885
405.5599
402.7306
402.7306
405.7963
407.6186
404.6462
398.4151
398.7817
400.2091
402.115
399.3274
409.0505
408.8109
408.8109
407.3521
407.3521
406.5069
408.3482
412.6989
416.8333
421.1235
417.8172
411.931
412.7643
420.0891
427.9688
425.9355
427.5996
429.6546
427.2409
422.9337
422.9337
422.1054
432.8169
432.8169
432.8169
436.4456
440.4774
440.4774
439.0408
437.3607
437.3607
442.8666
439.8681
440.8864
442.5019
439.6571
431.6776
433.6901
433.6901
428.2192
431.4279
430.4683
425.9701
423.9109
417.873
417.873
417.873
417.873
412.7965
412.7965
415.0637
415.2755
408.9409
417.6499
421.7831
419.9328
413.5076
413.5076
413.5076
419.8288
420.8114
420.8114
415.9302
422.3894
407.9595
407.9595
405.6205
397.8395
395.3814
395.3814
395.3814
395.3814
395.3814
392.5068
392.5068
392.5068
387.8001
387.8001
379.4826
429.6512
429.6512
462.3441
462.3441
460.2981
460.2981
460.2981
460.2981
460.2981
460.2981
460.2981
460.2981
460.2981
442.4081
442.4081
442.4081
464.8659
464.8659
464.8659
464.8659
0
0
0
0
0
0
0
0
0
0
0
0
0
0
0
0
0
0
0
0
0
0
0
0
0
0
0
0
0
0
0
0
0
0
0
0
0
0
0
0
0
0
0
0
0
0
0
0
0
0
0
0
0
0
0
0
0
0
0
0
0
0
0
0
0
0
0
0
0
0
0
0
0
0
0
0
0
0
0
0
0
0
0
0
0
0
0
0
0
0
0
0
0
0
0
0
0
0
0
0
0
0
0
0
0
0
0
0
0
0
0
0
0
0
0
0
0
0
0
0
0
0
0
0
0
0
0
0
0
0
0
0
0
0
0
0
0
0
0
0
0
0
0
0
0
0
0
0
0
0
0
0
0
0
0
0
0
0
0
0
0
0
0
0
0
0
0
0
0
0
0