2.979151
2.979151
2.979151
2.979151
2.979151
2.979151
2.979151
2.979151
2.979151
2.979431
2.979431
2.979431
2.979431
2.979431
2.976012
2.976012
2.976012
2.978296
2.999725
3.016735
3.023075
3.028713
3.033972
3.029742
3.029742
3.024378
3.027348
3.028445
3.032089
3.034502
3.038402
3.038692
3.041287
3.04613
3.036131
3.033334
3.035005
3.034347
3.014941
3.007713
3.015335
3.015101
3.010729
2.996985
2.991204
2.988685
2.979396
2.979182
2.980359
2.974524
2.986166
2.98329
2.988276
2.979525
2.968045
2.970565
2.969105
2.991079
2.984215
2.986075
2.983648
2.985507
2.998843
2.995864
2.990642
2.978414
2.969756
2.974339
2.984976
2.97682
2.97602
2.976439
2.971488
2.967917
2.96711
2.967709
2.979347
2.970599
2.972856
2.980188
2.977934
2.997231
3.00153
3.011116
3.022625
3.023807
3.020666
3.02084
3.015748
2.989873
2.996231
3.010449
2.989694
3.005009
3.00455
3.02591
3.037664
3.042696
3.047374
3.055206
3.054103
3.054224
3.068205
3.069839
3.066358
3.076334
3.079719
3.069215
3.085464
3.100957
3.109486
3.106848
3.119017
3.11614
3.129017
3.152081
3.151629
3.146114
3.148742
3.177389
3.193545
3.192536
3.169532
3.113663
3.099947
3.087822
3.112707
3.096768
3.103937
3.16419
3.194119
3.147273
3.155344
3.192684
3.194556
3.157811
3.2111
3.210698
3.209273
3.206367
3.226187
3.228508
3.221511
3.215894
3.216721
3.174092
3.194388
3.173342
3.184998
3.196214
3.190901
3.139149
3.147661
3.125504
3.118223
3.139676
3.129934
3.130798
3.099608
3.11761
3.126669
3.124787
3.122548
3.110179
3.110995
3.066232
3.078764
3.071738
3.082043
3.080177
3.051904
3.072526
3.072526
3.064679
3.083327
3.083327
3.105795
3.1115
3.147838
3.159986
3.203455
3.175124
3.194499
3.191421
3.167706
3.178108
3.178108
3.197989
3.197989
3.216517
3.315784
3.296728
3.392514
3.404979
3.369581
3.350299
3.357089
3.385718
3.364947
3.328681
3.324025
3.278961
3.284272
3.278025
3.278025
3.263965
3.275492
3.275492
3.275492
3.223876
3.193991
3.193991
3.15613
3.155807
3.155807
3.176189
3.158201
3.17537
3.144263
3.138421
3.109004
3.118124
3.118124
3.089926
3.066054
3.059845
3.033968
3.08855
2.993253
2.993253
2.993253
2.993253
2.977403
2.977403
3.002584
2.957154
2.922949
2.996878
2.987996
3.0206
2.925156
2.925156
2.925156
2.908269
2.891226
2.891226
2.857688
2.853648
2.869433
2.869433
2.865589
2.834212
2.864457
2.864457
2.864457
2.864457
2.864457
2.843274
2.843274
2.843274
2.825
2.825
2.754665
2.986825
2.986825
2.909614
2.909614
3.095177
3.095177
3.095177
3.095177
3.095177
3.095177
3.095177
3.095177
3.095177
2.942362
2.942362
2.942362
3.931015
3.931015
3.931015
3.931015
0
0
0
0
0
0
0
0
0
0
0
0
0
0
0
0
0
0
0
0
0
0
0
0
0
0
0
0
0
0
0
0
0
0
0
0
0
0
0
0
0
0
0
0
0
0
0
0
0
0
0
0
0
0
0
0
0
0
0
0
0
0
0
0
0
0
0
0
0
0
0
0
0
0
0
0
0
0
0
0
0
0
0
0
0
0
0
0
0
0
0
0
0
0
0
0
0
0
0
0
0
0
0
0
0
0
0
0
0
0
0
0
0
0
0
0
0
0
0
0
0
0
0
0
0
0
0
0
0
0
0
0
0
0
0
0
0
0
0
0
0
0
0
0
0
0
0
0
0
0
0
0
0
0
0
0
0
0
0
0
0
0
0
0
0
0
0
0
0
0
0