0.42378671203892
0.42378671203892
0.42378671203892
0.42378671203892
0.42378671203892
0.42378671203892
0.42378671203892
0.42378671203892
0.42378671203892
0.42378671203892
0.42378671203892
0.42378671203892
0.42378671203892
0.42378671203892
0.42378671203892
0.42378671203892
0.42378671203892
0.415451021322258
0.418078509754091
0.41670268678418
0.41369364020973
0.412119920685507
0.410249214459985
0.40790183584481
0.40790183584481
0.40790183584481
0.40790183584481
0.40719933058198
0.406644091768582
0.406644091768582
0.406644091768582
0.406644091768582
0.407346109669095
0.407345922417738
0.405775394447412
0.403345134567608
0.403923388234242
0.405203181892326
0.406900883357356
0.407336777620226
0.408531735147166
0.407756173622023
0.409153481923148
0.407721515369286
0.408662160877509
0.408391534338082
0.408512134372523
0.408512134372523
0.408664010366425
0.408664010366425
0.40649551976259
0.406544268689389
0.408341900150479
0.404786086063468
0.404636140508964
0.404435684710311
0.404690630029367
0.403780418448563
0.405119500590753
0.408549832929916
0.409518997974121
0.405487411176098
0.404162789888275
0.405467674623627
0.405816292688029
0.404465604668609
0.405183367680864
0.406116265029207
0.40882723486757
0.407633234299991
0.407580713784334
0.407160391366076
0.411292021220044
0.413349242325095
0.410342487911716
0.411801421124376
0.411786951029204
0.415680265317787
0.414300536352333
0.41822977361928
0.417375755882602
0.41618856572113
0.416914261957748
0.416095074522107
0.417881872955557
0.418160309158107
0.41743471827682
0.418053893733435
0.418018313749257
0.418376186326344
0.419262800956006
0.420743951099769
0.418765572194906
0.416939738512128
0.416861755645121
0.420703038119869
0.418369506550315
0.417533836499601
0.416171792631905
0.414835150844654
0.412251198530337
0.41249985892645
0.412640022751629
0.41252093613905
0.412644177225075
0.414118988384633
0.411669394472744
0.412225747004686
0.414531206989254
0.418394461138911
0.412894359428893
0.413776406622404
0.414323006859218
0.413444683463045
0.411851887105464
0.409442085581473
0.412687675232477
0.412531403913625
0.412448517072897
0.412482625778278
0.412213659853291
0.412356579584847
0.417376766297617
0.417290112930929
0.42085579063132
0.422795990824903
0.4224909986402
0.420912821274413
0.416194605668914
0.409788233721071
0.409578364753033
0.408254015699169
0.411599438351503
0.41492298941799
0.41492298941799
0.414627257537961
0.414627257537961
0.413011546977977
0.411772767164348
0.413211774207275
0.410626124415991
0.410591313782607
0.403612586858199
0.402869069006194
0.405441588307427
0.405601981022643
0.405714562070294
0.406741396665183
0.40556526429913
0.405491843308736
0.40560004198604
0.407983445726625
0.409437209029308
0.407811316260672
0.409263924152456
0.411331973365635
0.409954543956578
0.410240660397342
0.410985237616579
0.410414199021739
0.410157263267567
0.410528828379677
0.410660303814805
0.41154699153417
0.412437512577897
0.411659943254546
0.411120773050557
0.408702294831032
0.408045901005897
0.411683555350547
0.411776123701011
0.41367598779435
0.413810923738919
0.414111977363007
0.413190965326536
0.414275864870355
0.414749455824731
0.412846675138687
0.414388971452837
0.413591611313513
0.415022397033153
0.419427344896768
0.416308573079105
0.4170759150599
0.414898169545797
0.415842472641705
0.417531785463753
0.417525186283432
0.417308119183319
0.416177542103848
0.41708728988586
0.414829049250941
0.414296634266945
0.413229592115633
0.412144785390582
0.412628481099531
0.410689055078318
0.41016169950069
0.411717776980805
0.411172484505065
0.412030799531884
0.413526397288917
0.412570685933032
0.412387021432098
0.415606499559491
0.410049619952484
0.408899184879982
0.406668086149185
0.405389653292926
0.405984752982854
0.406855162108701
0.408523946956112
0.409277712535411
0.408763886614596
0.407492678884762
0.407485669527916
0.407485669527916
0.405379775917541
0.405967626996181
0.406137420631419
0.405805830353124
0.405360794420922
0.406560511117488
0.411805697640716
0.407671486969618
0.405204298870449
0.40550339087324
0.402966218693347
0.402158960476002
0.402674621979615
0.405984940413923
0.407281008883064
0.405099226370421
0.403508500620445
0.404811054889304
0.404895977290741
0.407699071931306
0.409027297020095
0.409027297020095
0.411504738328221
0.415767717739721
0.416408361918443
0.414930362494056
0.414634539375781
0.410895970222924
0.411408342695298
0.412350314915062
0.413110634960296
0.412333808287433
0.414569481657331
0.415383920155574
0.415887477420558
0.41610004171485
0.421782047693564
0.421999530067678
0.420698696793472
0.421261482061555
0.420264040151686
0.421194294625422
0.425141309472455
0.427209914337507
0.431698548706052
0.428695394403137
0.427516451179029
0.427062187989647
0.427062187989647
0.425061203371168
0.421406734870539
0.421406734870539
0.419411491889051
0.425106343821613
0.420493572063846
0.424054704281643
0.421079210525474
0.414561003305058
0.412015836967391
0.407658263060868
0.409262232754991
0.409262232754991
0.408469314077959
0.405818503046214
0.410460244880813
0.411674467488886
0.420084472673789
0.420577221745753
0.420577221745753
0.415807138294538
0.415107274407621
0.415107274407621
0.416879071019623
0.416659204925542
0.416659204925542
0.416659204925542
0.41218272505659
0.415708558211938
0.419599022686513
0.432693890052466
0.432348072629862
0.420168523773348
0.422613387523628
0.420764008531168
0.419344623204399
0.416565585211025
0.416565585211025
0.416565585211025
0.414205867322664
0.414265432819793
0.414265432819793
0.414265432819793
0.412171404111266
0.414027937427276
0.414027937427276
0.413173684014961
0.409800005472353
0.411206427910046
0.413519890015214
0.414472042205749
0.414472042205749
0.410384300319134
0.410384300319134
0.406804321977889
0.414393142296744
0.420158712264456
0.420551029093463
0.420551029093463
0.420551029093463
0.425639626950813
0.425639626950813
0.425639626950813
0.431415030377645
0.431415030377645
0.431415030377645
0.4287711152729
0.437571393882074
0.437571393882074
0.427125686543631
0.425628063198311
0.425628063198311
0.421432786139829
0.421432786139829
0.421432786139829
0.421432786139829
0.420182994017738
0.425232050944116
0.425232050944116
0.415503539255268
0.415503539255268
0.415503539255268
0.413766282278169
0.428582497044609
0.424399848120506
0.439716319383763
0.439716319383763
0.439716319383763
0.439716319383763
0.433099484715854
0.43577688609435
0.43577688609435
0.425602376325108
0.425602376325108
0.425602376325108
0.405087997923379
0.405087997923379
0.405087997923379
0.418531956745529
0.418531956745529
0.418531956745529
0.435426183317369
0.415763351809376
0.404076314237727
0.389836273351176
0.406255031250457
0.406255031250457
0.406255031250457
0.406255031250457
0.406255031250457
0.41232459899998
0.41232459899998
0.41232459899998
0.41232459899998
0.41232459899998
0.41232459899998
0.41232459899998
0.41232459899998
0.428107057225891
0.441127286281327
0.431210234270253
0.42356428928437
0.42356428928437
0.42356428928437
0.42356428928437
0.424066795219791
0.424066795219791
0.424066795219791
0.424066795219791
0.424066795219791
0.424066795219791
0.424066795219791
0.424066795219791
0.424066795219791
0.424066795219791
0.424066795219791
0.424066795219791
0.424066795219791
0.424066795219791
0.424066795219791
0.424066795219791
0.424066795219791
0.424066795219791
0.387438495051715
0.387438495051715
0.387438495051715
0.387438495051715
0.387438495051715
0.387438495051715
0.387438495051715
0.387438495051715
0.387438495051715
0.387438495051715
0.387438495051715
0.387438495051715
0.387438495051715
0.337382961920719
0.337382961920719
0.337382961920719
0.337382961920719
0.337382961920719
0.337382961920719
0.337382961920719
0.337382961920719
0.337382961920719
0.347957289009746
0.347957289009746
0.347957289009746
0.347957289009746
0.347957289009746
0.347957289009746
0.310580013664536
0
0
0
0
0
0
0
0
0
0
0
0
0
0
0
0