3.895811
3.895811
3.895811
3.895811
3.895811
3.895811
3.895811
3.895811
3.895811
3.895811
3.895811
3.895811
3.895811
3.895811
3.895811
3.895811
3.895811
3.852109
3.855297
3.799952
3.816507
3.826144
3.830137
3.823986
3.823986
3.823986
3.823986
3.821716
3.815903
3.815903
3.815903
3.815903
3.820958
3.812811
3.846488
3.867388
3.889057
3.87291
3.889015
3.907711
3.926134
3.929459
3.919517
3.914141
3.909452
3.914779
3.912333
3.912333
3.898211
3.898211
3.883449
3.908778
3.900924
3.92074
3.911631
3.913379
3.908917
3.909821
3.918951
3.921142
3.936235
3.947466
3.923632
3.921668
3.929664
3.909745
3.919916
3.910974
3.915745
3.917766
3.932738
3.97146
3.967544
3.943161
3.926356
3.954072
3.96287
3.979459
3.995031
4.017172
4.015507
4.021104
4.01945
4.029949
4.00796
3.992476
3.961986
3.964988
3.976375
3.986957
3.961616
3.9531
3.905282
3.871737
3.881674
3.883919
3.867615
3.866441
3.898696
3.906396
3.908302
3.923911
3.908569
3.919549
3.901642
3.882478
3.888527
3.879895
3.885526
3.858661
3.83476
3.813113
3.815264
3.836721
3.843324
3.855107
3.816731
3.816337
3.805151
3.798947
3.795141
3.819656
3.809483
3.790258
3.82529
3.866704
3.876474
3.886425
3.87423
3.860608
3.85862
3.825147
3.817668
3.811243
3.811243
3.823768
3.823768
3.830058
3.792104
3.805959
3.790252
3.810464
3.818357
3.806169
3.812382
3.798221
3.781507
3.782349
3.746072
3.762674
3.763102
3.740572
3.733053
3.772287
3.761852
3.783271
3.786052
3.792044
3.790058
3.80809
3.82495
3.835844
3.820934
3.836645
3.864336
3.84774
3.837404
3.851821
3.834977
3.836156
3.826123
3.832308
3.841325
3.842325
3.850543
3.849075
3.868853
3.847861
3.858368
3.859544
3.895784
3.888185
3.882657
3.830161
3.87471
3.870503
3.845629
3.870749
3.875909
3.898729
3.886199
3.892999
3.883898
3.893743
3.872502
3.87306
3.866768
3.878043
3.853299
3.830136
3.816602
3.827331
3.880573
3.896874
3.914998
3.907929
3.902426
3.891837
3.933274
3.923886
3.931577
3.96724
4.002614
4.004313
4.010374
3.98614
3.98614
4.015546
4.015206
3.970497
3.958255
3.918714
3.900904
3.92359
3.898661
3.897531
3.893016
3.93631
3.949726
3.939116
3.942993
3.948996
3.930503
3.92432
3.922866
3.913786
3.914999
3.920851
3.920851
3.890487
3.881238
3.8739
3.870912
3.862925
3.853966
3.880298
3.876667
3.868381
3.871605
3.886123
3.891359
3.92691
3.912053
3.857423
3.912304
3.937378
3.960032
3.951471
3.953402
4.027543
4.022872
3.966673
3.993798
3.948305
3.927443
3.927443
3.933205
3.943261
3.943261
3.8658
3.877893
3.88949
3.930215
3.94303
3.933624
3.886382
3.908521
3.850945
3.850945
3.831138
3.869812
3.893534
3.851053
3.702371
3.709515
3.709515
3.68788
3.661381
3.661381
3.645631
3.655651
3.655651
3.655651
3.686835
3.71131
3.700894
3.712124
3.65486
3.677313
3.666063
3.637332
3.691302
3.69532
3.69532
3.69532
3.660904
3.657276
3.657276
3.657276
3.635262
3.673978
3.673978
3.64917
3.699313
3.708276
3.736619
3.714038
3.714038
3.723133
3.723133
3.723797
3.700904
3.69247
3.694191
3.694191
3.694191
3.706687
3.706687
3.706687
3.676777
3.676777
3.676777
3.860549
3.874213
3.874213
3.884894
3.950164
3.950164
3.959583
3.959583
3.959583
3.959583
3.952782
3.970526
3.970526
3.977194
3.977194
3.977194
3.851355
3.774446
3.919657
3.985028
3.985028
3.985028
3.985028
3.716562
3.853019
3.853019
3.924588
3.924588
3.924588
4.006152
4.006152
4.006152
4.06323
4.06323
4.06323
3.92868
4.043006
3.986434
4.127673
4.154117
4.154117
4.154117
4.154117
4.154117
4.115795
4.115795
4.115795
4.115795
4.115795
4.115795
4.115795
4.115795
4.076385
4.148162
3.660934
3.926435
3.926435
3.926435
3.926435
4.013066
4.013066
4.013066
4.013066
4.013066
4.013066
4.013066
4.013066
4.013066
4.013066
4.013066
4.013066
4.013066
4.013066
4.013066
4.013066
4.013066
4.013066
4.303262
4.303262
4.303262
4.303262
4.303262
4.303262
4.303262
4.303262
4.303262
4.303262
4.303262
4.303262
4.303262
4.28246
4.28246
4.28246
4.28246
4.28246
4.28246
4.28246
4.28246
4.28246
4.3939
4.3939
4.3939
4.3939
4.3939
4.3939
3.533859
0
0
0
0
0
0
0
0
0
0
0
0
0
0
0
0