80
80
80
80
80
80
80
80
80
80
80
80
80
80
80
80
80
118
125
136
142
144
146
147
147
147
147
146
145
145
145
145
144
143
157
158
168
172
180
184
187
186
188
186
185
184
181
181
179
179
174
178
177
181
187
193
202
201
202
200
197
191
192
186
184
180
177
173
167
167
166
166
170
167
166
163
163
162
164
159
156
153
152
151
147
146
143
141
139
139
137
137
136
132
133
131
131
127
123
120
118
117
114
110
109
107
104
104
104
108
105
109
110
106
107
103
99
96
96
95
94
89
87
87
86
85
88
90
94
95
96
101
102
102
102
103
103
104
105
103
106
107
107
106
106
106
105
108
111
116
121
125
127
129
130
131
126
127
128
130
132
133
133
134
134
134
137
141
144
145
143
145
143
143
142
139
136
138
136
136
137
137
138
136
134
131
131
134
134
133
133
130
129
129
130
129
128
125
125
124
126
125
126
128
127
127
126
125
125
124
123
124
122
121
119
119
119
118
112
112
114
111
112
108
106
105
104
104
105
101
99
96
95
94
93
91
89
91
91
92
94
95
95
96
94
88
85
80
78
77
76
74
72
69
69
66
63
62
62
60
62
63
63
62
63
63
62
60
60
59
57
56
55
56
55
53
54
56
56
58
55
58
56
55
56
56
55
54
54
52
51
51
51
50
49
50
47
46
47
48
47
49
46
46
46
43
42
42
42
41
40
40
39
40
40
41
43
43
41
41
40
38
36
33
33
33
32
32
32
28
28
28
28
27
27
27
25
25
22
22
22
22
21
20
20
18
18
18
17
16
15
14
14
14
14
12
11
11
10
10
10
9
9
9
8
8
8
9
8
9
8
9
9
9
9
9
8
8
8
8
8
8
8
8
7
6
5
6
6
6
6
5
5
5
5
5
5
5
5
5
5
5
5
5
5
5
5
5
5
4
4
4
4
4
4
4
4
4
4
4
4
4
3
3
3
3
3
3
3
3
3
2
2
2
2
2
2
1
0
0
0
0
0
0
0
0
0
0
0
0
0
0
0
0