19.70934
19.70934
19.70934
19.70934
19.70934
19.70934
19.70934
19.70934
19.70934
19.70934
19.70934
19.70934
19.9379
19.94464
19.96188
19.98872
19.97582
19.95288
19.9628
19.9628
19.94761
19.9588
19.9588
19.97395
19.81886
19.8614
19.84554
19.96536
19.98924
19.99355
20.00012
20.03498
20.07058
20.07489
20.09803
20.12628
20.02985
20.09311
20.1419
20.11529
20.21502
20.1858
20.12052
20.21127
20.18
20.24018
20.2728
20.35471
20.14555
20.40594
20.31556
20.35408
20.41064
20.2057
20.22624
20.19225
20.3152
20.37548
20.59435
20.59128
20.53931
20.82459
20.85291
20.63194
20.79535
21.11892
20.81411
20.91671
20.7195
20.53924
20.60351
20.60351
20.11727
20.25458
20.47869
20.58611
20.54095
20.49092
20.42802
20.18081
20.2946
20.2946
20.34393
20.34393
20.42889
20.43806
20.35829
20.38561
20.55192
20.77143
20.59719
20.77555
20.82484
21.25158
21.39518
21.68351
21.84361
21.60091
21.56796
21.78707
22.14281
22.06041
21.96562
21.98405
22.1699
22.47693
22.47789
22.10061
22.10442
21.88264
21.82302
22.05731
21.76461
21.38151
21.20393
21.34524
21.36253
21.54476
21.73569
21.62193
22.16007
21.91855
22.30749
22.30424
22.63512
22.71654
22.57055
22.57055
22.64784
23.01402
23.14805
23.49867
24.18103
24.00842
24.95857
24.8078
24.63532
24.6447
24.64839
25.43952
25.4629
25.45717
25.71507
25.90254
26.0746
25.68791
25.98275
26.14265
26.21012
26.32815
26.14097
26.23658
27.07326
27.14112
27.13811
27.24446
27.15281
27.05594
26.84754
27.0999
27.07158
27.27261
27.07592
27.35851
27.87871
27.92267
27.82912
28.28473
28.21719
28.39777
28.06859
27.86268
28.08074
28.06112
28.36521
28.46334
28.78245
29.12903
29.16533
29.83006
29.82433
29.94691
29.51222
29.63784
29.78938
29.87605
30.33605
30.00826
30.28621
30.6382
30.64817
31.41869
31.35876
31.45059
31.12755
31.15395
31.22356
31.27848
31.37684
31.81405
31.97003
32.39381
32.85903
33.31661
33.47044
33.16155
32.9934
32.65114
32.70163
32.57434
32.54554
32.8049
32.9397
32.9383
33.33594
33.68132
33.79988
33.76847
33.34548
32.9987
33.0144
33.21503
33.31725
33.24483
33.41641
33.44664
33.4298
33.75409
34.04045
33.77089
33.4844
32.86013
32.92914
32.85398
32.79976
33.12857
33.09098
32.69268
33.02885
33.28425
33.25457
33.07284
32.80362
32.26953
32.14093
32.10762
32.04529
32.12133
31.98247
32.3166
32.22564
32.86648
32.72056
32.6008
32.5648
31.94841
32.41223
32.31525
32.52348
32.71524
32.57204
32.48828
32.26852
32.69083
32.9003
32.86966
32.91042
33.24596
33.90155
34.24006
34.41082
34.3769
34.58841
34.72401
34.78912
34.97977
35.54046
35.65827
35.89381
36.01644
36.81614
37.32238
37.144
37.19359
37.32732
37.91618
37.90678
38.09851
38.30862
38.14074
38.03392
38.36995
38.79349
38.81464
38.71017
38.81931
38.77255
38.49194
38.50936
38.55928
38.79286
38.52028
38.40195
38.67645
38.8862
39.23302
39.12989
38.92046
39.27967
39.13955
39.35867
39.27821
38.89248
38.69936
38.2806
38.40537
38.58787
38.95101
38.59707
38.69703
39.24266
39.36026
38.99995
38.79055
39.5052
38.95101
38.69597
38.47723
38.45956
38.97164
38.82474
38.72841
38.8339
38.98054
38.65124
38.54501
38.72659
38.54022
38.4956
37.97814
38.08506
38.24663
38.06875
37.9595
38.01691
37.8597
37.26625
37.51218
36.97911
36.73143
36.85612
36.98627
37.08453
37.03705
37.00955
36.72117
36.8984
36.95825
36.73753
36.23596
36.7594
36.57516
36.592
36.48552
36.26012
36.49122
36.64633
36.58295
37.14272
37.08019
36.39882
35.97039
36.62016
36.06091
36.36853
36.24177
36.35962
36.99341
37.21135
37.50983
37.61179
37.51977
37.24084
36.73481
36.9808
37.95098
38.50626
38.01049
38.30302
38.48427
38.72852
38.99104
39.02404
39.26739
39.00013
38.71902
38.92992
39.11161
40.15165
40.00783
40.46108
40.67935
40.92391
40.89803
41.00025
41.16386
40.75552
40.50393
41.13628
41.22748
42.24358
42.81667
43.04873
42.9845
43.14096
43.00875
42.32191
42.9228
42.60183
42.41004
42.57116
42.42863
43.31067
43.51647
43.95731
44.14067
44.05343
44.48262
44.12201
44.89949
44.36533
44.12543
44.21068
44.8744
46.09589
46.25225
45.98703
45.82747
46.28867
46.97058
46.6446
46.38675
45.97588
45.64817
46.04763
46.37106
47.49817
47.95864
48.50145
48.48205
49.17879
49.96791
50.20509
49.46061
48.47354
48.29336
48.67628
49.35067
50.54712
50.63392
51.56981
51.30087
50.95089
51.11074
49.47504
49.71704
49.77658
49.57516
49.98191
50.2622
50.73393
52.43136
52.29609
52.88729
53.45289
53.20689
52.70508
52.39582
52.41263
51.72485
51.97107
51.81665
51.59023
52.82211
52.4549
51.93418
51.69149
52.93584
51.54457
51.21566
51.57239
51.88152
51.38066
51.02101
50.92132
50.84782
50.69061
50.29544
50.51325
50.41285
50.94577
50.50924
50.51677
50.62757
50.91346