250
250
250
250
250
250
250
250
250
250
250
250
393
395
398
400
398
395
392
392
389
387
387
386
471
473
473
471
467
466
466
463
461
457
454
448
472
448
421
402
384
376
362
350
337
319
310
300
315
292
274
248
237
228
223
217
208
202
193
189
200
194
192
181
168
159
156
145
141
135
129
129
136
135
136
130
124
120
116
111
109
109
104
104
111
112
115
114
107
103
103
101
101
100
100
96
102
104
106
105
101
100
100
97
94
95
93
91
96
95
97
95
92
89
90
88
85
84
85
83
85
87
90
88
87
87
84
84
83
82
84
83
82
84
84
81
85
84
84
85
83
84
85
85
88
89
91
90
93
92
91
90
87
88
89
91
94
95
96
97
101
102
103
101
101
101
103
104
106
104
109
111
113
112
109
108
108
108
108
110
109
108
111
110
110
110
108
107
109
110
112
111
114
115
119
120
121
123
120
119
122
121
123
126
127
128
129
132
130
131
131
131
134
135
139
140
142
140
140
142
142
139
136
136
138
136
139
140
140
138
138
138
136
134
134
134
138
137
137
138
139
139
140
135
134
133
134
133
133
133
133
132
136
136
139
137
136
135
133
136
138
139
140
141
140
143
148
149
150
147
145
147
147
148
149
150
154
155
159
161
160
161
160
162
166
167
175
176
180
184
187
186
187
189
188
193
198
201
204
210
217
222
227
228
228
232
230
232
236
237
241
243
248
254
258
264
265
268
268
269
276
278
284
286
289
297
300
300
295
293
292
293
298
295
299
304
302
306
307
307
304
297
296
296
302
298
298
296
295
294
293
283
274
269
265
261
262
265
262
263
255
259
256
252
243
239
243
242
242
240
238
235
240
236
235
233
232
231
230
230
230
232
232
234
233
236
232
227
221
221
214
215
214
218
220
221
216
216
215
216
216
209
209
210
208
206
208
208
205
204
204
201
199
192
193
191
188
187
190
190
189
187
189
186
183
180
183
184
183
185
184
188
188
184
184
184
184
180
176
178
183
184
186
189
186
186
185
185
185
185
181
183
183
183
183
184
187
183
182
185
186
185
181
181
183
181
185
181
183
181
178
179
179
180
177
175
177
178
177
174
176
178
177
179
181
177
175
174
176
177
177
176
176
174
174
171
171
173
174
170
171
173
178
178
177