2.047754
2.047754
2.047754
2.047754
2.047754
2.047754
2.047754
2.047754
2.047754
2.047754
2.047754
2.047754
1.99784
1.997978
2.002949
2.000786
2.004929
2.004896
2.006835
2.006835
2.005639
2.007886
2.007886
2.009646
1.993432
1.990132
1.995687
1.9996
2.006911
2.007518
2.010564
2.010127
2.008414
2.006449
2.006514
2.009531
1.974176
1.970322
1.966946
1.961763
1.950983
1.946877
1.94472
1.93169
1.925998
1.917486
1.922403
1.921603
1.937362
1.929231
1.940394
1.944716
1.949942
1.960152
1.962839
1.960323
1.955545
1.964114
1.958462
1.962666
1.963143
1.967469
1.969519
1.985437
1.984944
2.011851
2.010584
2.009799
1.997494
1.982401
1.983903
1.983903
1.981772
1.992206
1.987895
1.949858
1.971917
1.971087
2.002591
2.001176
1.997981
1.997981
1.998667
1.998667
1.980506
1.965664
1.939477
1.953175
1.947341
1.937378
1.956399
1.958116
1.959299
1.958408
1.96448
1.951618
1.941655
1.941263
1.923915
1.925628
1.883646
1.888343
1.885824
1.900938
1.882186
1.868751
1.873504
1.880734
1.871604
1.846823
1.834514
1.834054
1.805662
1.806043
1.803002
1.790284
1.777299
1.764719
1.752497
1.762541
1.73529
1.719205
1.722401
1.709805
1.71067
1.714104
1.715802
1.715802
1.706563
1.677615
1.657189
1.644572
1.664954
1.623064
1.667664
1.676569
1.677363
1.690721
1.696921
1.746569
1.748019
1.748479
1.703719
1.71426
1.722936
1.715277
1.732748
1.716221
1.71688
1.73024
1.711545
1.718299
1.735371
1.735262
1.726496
1.706002
1.723173
1.728293
1.730403
1.740635
1.733042
1.742497
1.738277
1.75099
1.750464
1.752053
1.728549
1.729391
1.74956
1.770491
1.75133
1.73933
1.750901
1.730241
1.756832
1.751157
1.733436
1.735077
1.71075
1.716896
1.752225
1.736797
1.717042
1.736714
1.733362
1.747609
1.774785
1.775676
1.781403
1.774056
1.755658
1.752618
1.780432
1.773191
1.772166
1.771031
1.784245
1.786079
1.793869
1.755853
1.759197
1.782637
1.770352
1.768432
1.796766
1.783741
1.78056
1.806219
1.807796
1.810469
1.794856
1.806373
1.79736
1.805227
1.79526
1.821298
1.823322
1.826878
1.822308
1.828831
1.823625
1.828091
1.819399
1.821272
1.807099
1.816732
1.837296
1.859512
1.834596
1.834762
1.831116
1.855277
1.865306
1.870581
1.87042
1.888841
1.8548
1.870589
1.883608
1.919714
1.912518
1.904724
1.877952
1.918008
1.920612
1.949562
1.955065
1.978446
1.974421
1.940642
1.928623
1.95278
1.977562
1.983481
1.966647
1.992428
1.998241
2.00179
2.024585
2.033133
2.01342
1.998475
1.968132
1.972951
1.97122
1.967602
1.952517
1.970978
1.972487
1.995204
2.006203
2.011263
1.956237
1.936892
1.940465
1.932011
1.933421
1.933441
1.92353
1.932969
1.928382
1.924179
1.909602
1.924377
1.923835
1.934906
1.926633
1.897689
1.87194
1.889527
1.872739
1.894376
1.882983
1.907097
1.905937
1.911817
1.893311
1.892264
1.896073
1.885584
1.891605
1.888823
1.886782
1.900782
1.891236
1.898648
1.921596
1.935279
1.926979
1.923576
1.925317
1.91607
1.902154
1.910175
1.899335
1.914585
1.91104
1.915188
1.942471
1.957647
1.936872
1.932908
1.93508
1.929942
1.93056
1.935054
1.921654
1.920596
1.913041
1.924887
1.946647
1.963543
1.947511
1.926854
1.927917
1.916882
1.929918
1.922977
1.920905
1.935733
1.938216
1.929595
1.954831
1.970634
1.947577
1.950652
1.953089
1.947434
1.962663
1.945464
1.941488
1.926378
1.925989
1.933529
1.938748
1.947473
1.955446
1.941363
1.954804
1.957579
1.956739
1.964167
1.962474
1.952145
1.941646
1.940698
1.933509
1.950987
1.932563
1.915285
1.921858
1.940505
1.948709
1.944047
1.90177
1.897721
1.897577
1.896298
1.91283
1.927337
1.905484
1.879172
1.870757
1.868064
1.868449
1.838168
1.825568
1.820183
1.816622
1.813784
1.796137
1.797914
1.802935
1.777344
1.769612
1.777337
1.782524
1.755318
1.728486
1.733104
1.69487
1.714927
1.718218
1.738796
1.749446
1.72804
1.716937
1.719556
1.728372
1.694474
1.701189
1.706679
1.683316
1.667108
1.689067
1.706211
1.703004
1.693594
1.677462
1.691278
1.708203
1.708443
1.718462
1.701699
1.67359
1.67184
1.674647
1.674063
1.687944
1.672022
1.663694
1.653415
1.675722
1.67787
1.666659
1.671765
1.640322
1.587191
1.583295
1.600364
1.613438
1.606279
1.601282
1.597957
1.607423
1.604469
1.610944
1.585694
1.580548
1.579761
1.582527
1.607762
1.579706
1.581253
1.578017
1.58332
1.580812
1.599483
1.624594
1.595717
1.579241
1.581105
1.587478
1.580994
1.598325
1.608868
1.583587
1.600075
1.584204
1.579357
1.577576
1.588139
1.571254
1.567043
1.565169
1.549046
1.56243
1.566168
1.563128
1.572036
1.563183
1.557402
1.557384
1.586306
1.566429
1.558177
1.54942
1.57052
1.558096
1.603407
1.554685
1.549979
1.530565
1.539604
1.537784
1.565535
1.550079
1.535751
1.528694
1.537944
1.550682
1.557861
1.551838
1.539768
1.528279