199.7587
199.7587
199.7587
199.7587
199.7587
199.7587
199.7587
199.7587
199.7587
199.7587
199.7587
199.7587
200.3055
200.1881
200.1976
200.16
200.153
200.186
200.1589
200.1589
200.1901
200.2155
200.2155
200.2403
200.9495
200.9654
200.9815
200.9576
200.9873
200.9868
201.0171
201.025
200.9758
200.9541
200.9518
200.9637
201.809
201.9735
202.028
202.2881
202.323
202.3733
202.6277
202.7749
202.8192
202.8082
202.7556
202.7854
203.049
203.7467
203.8514
204.3306
204.4236
204.6367
204.7393
204.9393
205.1233
205.2033
205.2163
205.2402
205.5022
206.119
206.5006
206.5931
206.6155
206.3963
206.4102
206.6724
206.8515
207.2677
207.4606
207.4606
207.6954
208.0978
208.3415
208.4746
208.5495
208.5048
208.6084
208.2835
208.4436
208.4436
208.2876
208.2876
208.2343
208.5661
208.9643
209.2073
209.6033
209.6684
209.1887
209.2177
209.3689
209.6081
209.6534
209.1843
208.7948
208.9532
209.3747
209.4589
209.5802
209.5409
209.492
209.3147
209.3817
209.751
209.7884
209.7715
209.5311
210.145
210.544
210.6921
210.9692
210.7569
210.7179
210.6804
210.7913
210.8185
211.157
211.434
211.0526
211.5796
212.4472
212.8467
212.9819
212.7778
213.2505
213.2505
213.3823
213.7424
213.972
213.4494
213.8519
214.5349
215.1545
215.6966
215.4409
215.5108
215.3042
214.8625
215.0105
215.0694
215.5163
215.3872
215.0013
215.0661
215.5142
215.6355
215.3369
215.4547
214.9344
214.8368
214.6862
214.5928
214.3808
213.6366
213.5679
213.6845
214.0936
214.1746
214.2201
214.2452
214.0098
213.9668
213.9729
213.6074
213.5414
213.4767
213.8088
214.1749
214.0246
214.3875
214.6217
214.8324
215.1287
215.3111
215.3983
215.1214
214.9709
214.9048
214.8931
214.8224
214.9378
214.8237
214.5749
214.9432
214.89
214.7187
214.5841
214.2835
213.9603
213.589
213.6718
213.9021
214.1148
214.423
214.1344
213.994
214.1706
213.9682
213.8628
213.9992
213.5633
213.6894
213.5471
213.3162
213.6658
214.1586
214.2098
214.4491
214.8219
214.5961
214.4817
214.2858
214.3257
214.642
214.6839
214.749
214.785
215.0492
214.7364
214.8155
215.0716
215.1261
214.8651
214.8303
214.8153
214.8802
214.8978
215.3552
215.6003
216.5907
216.6609
216.8073
217.0667
217.0497
216.4855
216.5071
216.2897
216.49
216.85
217.1188
216.8479
216.9306
217.3706
217.8168
218.0094
218.0176
218.3466
218.1936
218.2438
218.8166
219.0403
219.3541
219.3897
219.2682
219.8163
220.2263
220.1915
220.2826
220.3759
220.7566
220.5929
220.543
220.9884
221.065
220.5122
220.9825
221.3869
221.0942
221.3198
221.4894
221.0584
221.687
221.7384
221.9586
222.6537
223.1911
222.9066
222.9138
223.0936
223.7807
223.7686
223.62
223.1556
223.4501
223.5276
223.2917
223.3956
223.3453
223.2361
223.2948
223.6747
224.2098
224.4611
224.2895
224.2001
224.5891
224.8778
224.8336
224.7751
224.7103
224.5029
224.7281
224.5658
224.5951
224.8034
225.098
225.0629
225.2126
225.5799
225.6722
225.731
225.7197
225.4232
225.2283
225.3034
225.2601
225.4725
225.2806
224.9499
225.1093
225.2719
225.5121
225.593
225.3742
225.4354
225.3474
225.4581
225.7114
225.5667
225.5893
225.3473
225.6633
225.8716
226.265
226.4934
226.2301
226.3215
226.608
226.4717
226.4183
226.2005
226.211
225.8857
225.8251
225.8126
225.6405
225.9277
226.0242
226.1812
226.4063
226.5423
226.6181
226.9222
226.9935
227.2599
227.0306
227.3052
227.4739
228.2644
227.8887
227.7962
228.3166
228.6587
228.8078
228.6357
228.7234
229.3589
229.1288
228.77
229.0846
229.7761
229.9709
229.5184
229.5404
229.9116
230.0807
230.1591
230.3086
230.6113
230.852
231.0423
231.3691
231.3571
231.8078
232.2164
231.9852
232.3296
232.3546
232.0291
232.2422
232.3442
232.6888
232.5521
232.4609
232.4195
232.802
233.3436
233.2659
233.466
233.5064
233.3101
233.5881
233.6594
234.1856
234.0545
234.7507
235.1266
234.7389
235.2996
235.6205
235.4737
236.247
236.2859
235.9726
235.6452
235.4554
235.2453
235.4611
235.8334
236.0586
236.4356
236.6124
236.77
236.9712
237.2322
237.3732
237.1036
237.1275
236.7968
236.7397
236.7794
237.1218
237.6907
237.2052
236.8808
237.0224
236.9888
237.1936
237.2533
237.2135
236.6041
236.9543
236.6924
236.609
236.4772
235.9147
235.8737
235.7963
235.8095
236.4986
236.8475
236.7616
235.8938
236.4288
236.162
236.9511
237.3106
237.5226
237.0673
236.8684
237.0531
237.1526
237.4182
237.3773
236.9928
237.5914
237.0798
238.1959
238.5156
239.0098
238.1288
237.8467
238.0222
237.7452
238.0994
238.1395
238.1859
238.794
238.555
238.0714
238.7034
238.4336
238.5397
238.1826
238.6266
239.4934
239.7009
239.9605
239.4437
239.8417
239.9358
239.8285
239.9655
240.0698
239.9904
240.093
239.8546
239.7869
239.5606
239.2408
239.2549
239.7557
239.1608