0.401212245398262
0.401212245398262
0.401212245398262
0.401212245398262
0.401212245398262
0.401212245398262
0.401212245398262
0.401212245398262
0.401212245398262
0.401212245398262
0.401212245398262
0.401212245398262
0.404504959655916
0.405913226529281
0.405405213840269
0.405206440418166
0.40525280706662
0.404659965196814
0.405391960364228
0.405391960364228
0.405433253253291
0.405689958236186
0.405689958236186
0.405466580181264
0.408551410847337
0.408804613872207
0.408838028899437
0.408782196817884
0.408724369894658
0.408553005145375
0.408157860758447
0.407595634167656
0.407888473197795
0.407663216632274
0.407449281841071
0.40695313648049
0.41193499553432
0.411426618620518
0.414776217492026
0.414205830573676
0.415863841268995
0.416355086588119
0.417467927515622
0.419898793062019
0.420569967014235
0.421399518113907
0.422586274636763
0.42411008430973
0.433552436405063
0.434935981371689
0.434792037414882
0.440217829727463
0.442465747378889
0.444347418760039
0.44691756523882
0.446481379338064
0.446930814156126
0.448779781309473
0.45302426025436
0.454861200115461
0.470456002705099
0.472671899470241
0.476792607356828
0.480241511664294
0.486816158955248
0.486532263919642
0.489352529429019
0.497262831096277
0.4978671374866
0.497311273819108
0.502158241501775
0.502158241501775
0.524761726317498
0.524299397681065
0.526123383073583
0.535993593886338
0.538855997182084
0.54012275448619
0.542542762977082
0.544365669032682
0.545753589954246
0.545753589954246
0.54964863912583
0.54964863912583
0.582253652314636
0.582613618369472
0.576396039276963
0.573281264925665
0.585093021407206
0.588150605145972
0.590656841970754
0.589521132906072
0.588955256373829
0.594457150137722
0.592498099238444
0.59388727180869
0.613250010644309
0.613539813754248
0.614722859108626
0.615866373701259
0.619627553976925
0.621049184738909
0.625682206859785
0.627444493499042
0.627119574477092
0.625179175980367
0.627818182220944
0.630308975963121
0.648949254007998
0.64521747586035
0.644460382309744
0.640726072696425
0.641152410289191
0.641730365216926
0.647087838212753
0.646307930556319
0.646890511883026
0.644834705873923
0.645425662132603
0.646912677416143
0.673720278745381
0.670653470776968
0.665882358553629
0.64455168458566
0.643023857778514
0.642217652851353
0.648103081949289
0.648103081949289
0.649876306379745
0.651390806795651
0.647585584904522
0.636731820327773
0.657750339426099
0.647714586033646
0.642720258040902
0.650813110641727
0.650708842326022
0.648957573826999
0.654784414490028
0.652087837902044
0.653099478855389
0.660203267577799
0.652593539020132
0.649860198034159
0.656923649774123
0.644530001820764
0.656575993587853
0.658346035156563
0.652756339752114
0.652391503046837
0.650295914770967
0.653606897017987
0.659019044560596
0.673637285872176
0.681903323250207
0.67239568165287
0.683430547878381
0.67808175908503
0.668062126577542
0.659490965545245
0.656343991397109
0.654851293949519
0.658071326443202
0.660808007330765
0.655168273562852
0.656792568011781
0.661644660018601
0.658014420635634
0.670894843466507
0.678760445767572
0.682091555993504
0.674244733901358
0.676192581884561
0.672417080857101
0.675748465297827
0.66954190008867
0.670260877912562
0.678092615434068
0.674480459042803
0.669205429646165
0.677216449830525
0.678764298395566
0.680311966105967
0.683695423502877
0.679523311977573
0.676754588907579
0.673752402507246
0.680357009941614
0.68509034741771
0.685277510740511
0.693072860942212
0.697293772496127
0.702557648411414
0.70274378708631
0.714671821400433
0.700309038264947
0.700543576575772
0.693070916309141
0.696506873521787
0.700427520794441
0.708858839088738
0.721963397410666
0.727402438791818
0.720952417836664
0.73783739233203
0.73917357389304
0.749136909190237
0.741211026679566
0.740809244854173
0.737984690551773
0.737606761768161
0.750116677978184
0.755668722465073
0.76538361688163
0.76197620886464
0.763140248328326
0.764682691155182
0.765169265489633
0.774436607687454
0.769416854102193
0.770858596850968
0.768195581760757
0.756768169523044
0.755661335518665
0.757995811829474
0.762513988056947
0.759803661836351
0.75847187352603
0.760763446323982
0.762880248605236
0.777334538462784
0.773207907389323
0.771582534393354
0.772914765729998
0.767751017411385
0.772999272608793
0.773974212850009
0.782373667451369
0.783996134078804
0.78303288051952
0.775452815704966
0.753853320617066
0.762419234804132
0.762643274711384
0.761282377451519
0.756182154412022
0.752139866753394
0.762865046367311
0.761103115107576
0.765810222659981
0.767094131292034
0.754513775301755
0.758325853167437
0.758286414032728
0.76513831365828
0.771692060399822
0.766217232672434
0.75471860454755
0.761299692103209
0.770026283586655
0.771194723262497
0.768960545942772
0.766193932764856
0.768120515395516
0.775934653313344
0.771619462248813
0.770475409242367
0.760322349030295
0.764276481242819
0.762936369349166
0.757755457403964
0.770058775951833
0.775344257269016
0.758680963265216
0.748189596208958
0.740114243513236
0.737517639511475
0.73515054881803
0.732722553359704
0.723657567253334
0.719299077699488
0.70628731903348
0.709444102233466
0.720316065990298
0.72509879068767
0.71626666531034
0.701049044083493
0.701145890737663
0.70088305598554
0.70020239952761
0.693446045037729
0.693539560109945
0.687954701845246
0.672415349044456
0.665245036346885
0.672901492829487
0.671962760795945
0.667187077293662
0.656955442615964
0.653977795147186
0.652983483277483
0.657120122240086
0.650540523875704
0.639096033134297
0.64099655380537
0.633006262409132
0.631596283474781
0.642523403872483
0.637179605321792
0.633447330068966
0.626490840649659
0.623690504427982
0.622136877898366
0.625522895139998
0.616256096303291
0.610808974413561
0.613742021783191
0.610403437619967
0.614464137486142
0.630292251554498
0.623328196321494
0.623455927519562
0.624891362547402
0.626713743871682
0.622446393022352
0.629151626331332
0.624891966569297
0.621031457962042
0.622569879455029
0.617778476340471
0.620226062576255
0.631358438117145
0.631081131482584
0.625851392781768
0.630760933181999
0.628601999650825
0.628373850656504
0.634476883439194
0.625799695249745
0.623097545924949
0.630299653375546
0.631021529797158
0.630160254760086
0.633726942185389
0.63338529760466
0.637061367805515
0.64022590174384
0.641473371539213
0.637851113717166
0.633334966241171
0.634919375335826
0.635618726920353
0.634660830898582
0.631540800962714
0.637302249918928
0.642608324329318
0.659942350496637
0.659761410426349
0.662200470287957
0.670759258237665
0.658189252547186
0.662292264108546
0.655089339646315
0.652896689929214
0.662328675464792
0.661478904877775
0.65898853913428
0.659753813162522
0.658645160400452
0.663551091959778
0.66627126401528
0.683673990908184
0.678340941462576
0.685228335866273
0.689955032372364
0.691155957311064
0.68669832684004
0.679665463456076
0.675848317557126
0.672828033814351
0.662422076830424
0.661035446226908
0.664416135572472
0.685727359932706
0.679053806569373
0.679744941723829
0.685000663320799
0.67618437809421
0.674577841740452
0.67578904639922
0.667317696298176
0.666625743950381
0.667548983311588
0.660784691978834
0.663542267020779
0.67709626663812
0.679083829717146
0.68536395151575
0.686291404373816
0.687494654009598
0.687770505839671
0.684286565218493
0.690470857212182
0.686852260412279
0.693403707298877
0.700382438361423
0.699373472166452
0.733002514914835
0.730379791972265
0.733114529322947
0.729302251955544
0.704943054836798
0.700447477600397
0.696886297604647
0.68993603768177
0.692209225229563
0.690463952944083
0.695228130247281
0.700624659996115
0.736650223777356
0.72090650658453
0.731354215298246
0.732566153107203
0.710758371245519
0.699194095878056
0.70303231801727
0.692598098319135
0.684852299665125
0.677676585517762
0.679654295303589
0.693240857412193
0.712189861288822
0.711150302891662
0.707485564926542
0.709175572957568
0.70257709972777
0.690446103335052
0.69477202378432
0.690758801787362
0.687376740626425
0.680338257468783
0.674441408956684
0.684031326327382
0.697475221493739
0.704245312149696
0.708326542307181
0.71465587027435
0.694763338173279
0.694663546023844
0.693406106894949
0.667775133046971
0.650994289089914
0.643029685052536
0.638887205056266
0.65379377296086
0.673845977072165
0.652770575984531
0.658186977532655
0.654566039657039
0.641473214501109
0.637417211948766
0.638920347715016
0.635922815581388
0.616484255192391
0.620872128253057
0.606023401470529
0.606564150758514
0.628151465027832
0.621539361222523
0.635955872946313
0.638339548516511
0.621863397001092
0.62202007629988
0.619154983132651
0.614058645859104
0.596894717692905
0.609314616231674
0.60751642653833
0.625404196983896
0.638284339673164
0.636214890061519
0.645553304770938
0.649632318331435
0.648999282979847
0.647826716706238
0.643301154642299
0.630878515167457
0.610499214914936
0.617882040212053
0.602988238880578
0.594216496569612
0.608821218407702
0.607911735465606
0.627928931540343
0.638467339708384
0.645038203973699
0.649259168364521
0.641298725799324
0.642981499456736
0.634534325929275
0.638146824616234
0.636763961660835
0.648221665254536
0.654964893868268
0.62988444132139