80
80
80
80
80
80
80
80
80
80
80
80
131
132
133
134
134
135
135
135
135
135
135
135
166
167
168
169
169
170
170
170
170
170
170
162
174
167
159
155
150
150
145
144
141
140
137
131
138
138
138
132
128
120
117
114
110
109
105
103
105
106
100
95
88
81
80
78
75
73
73
70
76
77
77
73
71
66
66
66
63
59
58
57
58
56
54
53
52
49
46
46
45
44
44
43
44
45
44
45
42
40
38
37
35
34
34
34
36
37
37
36
36
34
32
29
27
27
27
27
29
30
32
32
32
28
27
27
26
25
25
25
27
27
28
28
27
27
25
24
23
22
22
22
24
24
25
23
25
22
21
21
20
20
20
20
22
22
23
23
23
22
21
19
19
18
18
17
18
19
20
20
20
20
18
18
16
16
16
16
17
17
18
18
17
17
17
17
15
14
14
14
15
15
15
16
14
14
14
13
12
11
11
11
12
13
13
13
13
13
13
11
9
9
9
9
10
10
11
11
12
12
11
10
10
10
10
9
10
10
11
11
12
11
11
11
11
10
10
9
10
10
10
10
10
11
11
11
11
11
11
11
11
11
10
11
10
11
11
11
11
11
11
9
10
10
10
11
11
11
11
11
11
11
11
10
11
11
10
11
10
10
10
10
10
10
10
10
10
10
10
11
9
9
9
9
9
9
8
8
9
8
8
8
8
8
8
8
8
8
8
8
9
8
8
7
7
7
7
7
7
7
7
7
7
7
7
7
7
7
7
7
7
7
7
7
7
7
7
7
7
7
7
7
7
7
6
6
7
7
7
7
8
8
7
7
7
7
7
7
8
7
7
7
8
8
8
8
7
7
7
7
8
8
8
8
8
8
8
7
7
7
7
7
8
8
7
7
8
8
8
8
8
7
7
7
8
8
8
8
8
8
8
8
8
8
7
7
8
7
7
7
8
8
8
8
8
8
8
7
8
7
7
7
8
8
8
8
8
8
8
8
9
8
8
7
8
8
8
8
8
8
8
8
9
9
8
8
9
8
8
8
8
8
8
8
9
8
8
7
8
8
8
8
8
8
8
8
9
9
8
8
8
8
8
8
8
8
8
8
9
8
8
8
9
8
8
8
8
8
8
8
9
9
9
9
9
9
9
8
8
8
8
8
9