200.7991
200.7991
200.7991
200.7991
200.7991
200.7991
200.7991
200.7991
200.7991
200.7991
200.7991
200.7991
201.5457
201.4783
201.4627
201.4527
201.4527
201.4216
201.4216
201.4216
201.4216
201.4216
201.4216
201.4216
202.3064
202.2448
202.2108
202.2219
202.2219
202.2008
202.2008
202.2008
202.2008
202.2008
202.2008
202.4702
203.2448
203.1056
203.3655
203.6228
203.7979
203.8315
203.9183
203.9129
203.9656
203.907
204.0448
204.424
204.8281
205.0465
205.1503
205.4926
205.8835
206.3337
206.4228
206.5701
206.6318
206.6609
206.9349
207.1469
207.2183
207.8206
208.2551
208.8863
208.3439
209.3244
209.4436
209.6633
209.2338
208.903
208.903
209.2883
208.9855
209.3636
210.1084
209.9589
210.2369
210.0471
210.0471
210.0471
210.1743
210.2655
210.2057
210.1091
210.4584
211.5386
211.9839
212.3062
212.5427
211.7432
211.8384
211.8384
211.9426
211.8052
211.8052
211.9838
212.3714
213.3873
213.7213
214.3447
214.4511
214.2118
215.1455
214.8854
214.6729
214.6232
214.6232
214.6232
214.2529
214.4741
215.5523
216.089
215.8384
216.8365
217.5899
216.8298
215.92
215.92
215.92
215.92
215.5816
215.8967
216.0518
216.4065
215.884
216.6371
217.0188
217.0188
216.3744
215.5847
215.5847
215.5847
215.3296
215.9581
216.6616
216.6616
216.5019
216.5019
216.4935
216.2278
215.8387
214.8513
214.8513
214.8513
215.4179
216.7064
217.5921
218.4142
217.9241
218.2771
218.0791
218.0791
217.8072
217.8072
217.8072
217.8072
218.6214
219.9074
220.6601
220.6601
221.1344
221.1714
220.9876
221.2622
221.2622
221.129
221.129
221.703
223.5579
223.6572
224.3708
224.3708
224.3707
224.3707
224.386
224.386
224.1071
224.1071
224.1071
224.1071
225.503
226.7785
227.6563
227.6563
229.3924
229.3924
229.3924
229.3924
228.4875
227.5505
227.5505
227.5505
229.0987
229.2754
229.2754
230.5112
232.3525
232.3525
232.3525
232.5336
232.1431
231.3227
231.3227
231.3227
233.2677
231.5622
231.5622
234.8276
234.8276
234.8276
234.8276
235.3986
238.7836
238.7836
238.7836
238.7836
239.9247
239.9247
238.1913
238.1913
238.27
238.27
239.6238
239.3283
239.3283
239.3283
239.3283
238.383
240.6975
240.6975
239.3718
239.3718
239.1196
241.3113
241.3113
241.3113
241.3113
240.5376
240.5376
239.4003
242.699
242.699
242.699
243.5723
243.5723
242.7988
242.7988
242.7988
242.7988
242.7988
242.7988
242.7988
243.0441
243.0441
241.8817
239.5932
241.4668
240.5485
240.5485
240.5485
240.5485
240.5485
240.5485
239.6337
241.3283
241.3283
241.3283
237.5111
237.5111
238.0097
238.0097
238.0097
238.0097
238.0097
238.0097
238.1761
239.6967
239.6967
237.5137
233.8979
235.3047
235.3047
235.3047
235.3047
235.3047
235.3047
235.3047
235.3047
237.3048
237.3048
237.3048
233.6445
231.2215
231.2215
231.2215
231.2215
231.2215
231.2215
231.2036
231.2036
232.7952
229.7245
229.7245
229.6313
229.6313
229.6313
229.6313
229.6313
229.6313
229.6313
229.6313
229.6313
232.8993
229.9392
229.9392
231.7347
231.7347
231.7347
231.7347
231.7347
231.7347
231.7347
231.7347
231.7347
234.4036
234.4036
234.4036
237.7681
237.7681
237.7681
237.7681
237.7681
237.7681
237.7681
237.7681
237.7681
239.2222
239.2222
239.2222
241.8766
241.8766
241.8766
241.8766
241.8766
241.8766
241.8766
241.268
241.268
245.7836
245.7836
245.7836
245.7836
242.7769
242.7769
247.1781
247.1781
247.1781
247.1781
247.1781
247.1781
248.9243
247.4787
247.4787
247.4787
245.0181
245.0181
245.0181
245.0181
248.5074
248.5074
248.5074
248.5074
249.9079
249.9079
249.9079
249.9079
244.6562
244.6562
244.6562
248.5822
248.5822
248.5822
248.5822
248.5822
250.9103
250.9103
248.8627
248.8627
248.1603
248.1603
248.1603
248.1603
248.1603
251.9361
251.9361
251.9361
253.4621
253.4621
253.4621
253.4621
251.6029
251.6029
251.6029
251.6029
251.6029
251.6029
255.0042
255.0042
255.531
254.7286
254.7286
254.7286
254.264
254.264
254.264
254.264
254.264
254.264
254.264
257.5057
258.303
258.1018
258.1018
258.1018
257.6145
257.6145
257.6145
257.6145
257.6145
257.6145
257.6145
257.6145
257.4869
259.2673
259.2673
258.1331
258.532
258.532
258.532
258.532
258.532
258.532
258.532
258.532
260.2031
260.2031
259.7105
259.7105
260.8874
261.2479
261.2479
261.2479
261.2479
261.2479
261.2479
261.2479
263.5974
264.1448
264.1448
266.021
266.7511
266.7511
266.7511
266.7511
266.7511
266.7511
266.7511
266.7511
268.278
268.278
268.8272
268.8272
272.6288
272.6288
272.6288
272.6288
272.6288
272.6288
272.6288
272.6288
271.8523
273.7756
273.7756
273.7756
275.1554
276.8842
276.8842
276.8842
276.8842
276.8842
276.8842
276.8842
275.6244
275.6244
275.6244
275.6244
276.7094
276.7094
276.7094
277.5102
277.5102
277.5102
277.5102
277.5102
274.702