0.394964413860771
0.394964413860771
0.394964413860771
0.394964413860771
0.394964413860771
0.394964413860771
0.394964413860771
0.394964413860771
0.394964413860771
0.394964413860771
0.394964413860771
0.394964413860771
0.398385211582661
0.397362014113871
0.399114864696898
0.398643468021245
0.398643468021245
0.399689604464761
0.399689604464761
0.399689604464761
0.399689604464761
0.399689604464761
0.399689604464761
0.399689604464761
0.401817191251097
0.402621912769139
0.404295034610807
0.403668662345973
0.403668662345973
0.404282509364101
0.404282509364101
0.404282509364101
0.404282509364101
0.404282509364101
0.404282509364101
0.404345295670088
0.402251580048049
0.402881620406779
0.404057932406762
0.403893045401488
0.405119449997097
0.404769522282239
0.406737338794854
0.407251903300133
0.40661414163597
0.406315518108547
0.40571792708172
0.406004327998256
0.408292481076421
0.399797939312468
0.401368997456256
0.401717765398222
0.401506817539222
0.401234228278802
0.400569687867176
0.39971365682646
0.399362506061181
0.39892949515498
0.400628421841462
0.397862378092856
0.403860671187287
0.393191390282552
0.393108163594959
0.389347018550585
0.398122958624915
0.398324711595122
0.398816747337324
0.397954699726577
0.395025336043206
0.397897375862601
0.397897375862601
0.395356063649707
0.403924916882005
0.401966824754278
0.393876132494205
0.396064345645699
0.397604333759906
0.396440274816463
0.396440274816463
0.396440274816463
0.401131483449501
0.401434057485948
0.403915747679169
0.400914559268432
0.410277420640996
0.410976557111739
0.403760409148088
0.405605975996734
0.416955977824017
0.422507838343291
0.430623359391809
0.430623359391809
0.431260793442563
0.425925250229674
0.425925250229674
0.424812351038071
0.433865851409121
0.42833515188076
0.430570445187182
0.434158752190897
0.429602814153926
0.42972453968488
0.431156583129716
0.430033138407983
0.440045829858581
0.437563150968915
0.437563150968915
0.437563150968915
0.458115952210761
0.462243529241989
0.455159683091443
0.44638344292071
0.464007906643519
0.4616549786368
0.46559019345581
0.468020716960146
0.48018714707802
0.48018714707802
0.48018714707802
0.48018714707802
0.508926674679947
0.510119096426625
0.508212493071249
0.49386610641186
0.488448398484126
0.520815203724859
0.514387005018771
0.514387005018771
0.509339897566211
0.508553263958254
0.508553263958254
0.508553263958254
0.540411176989759
0.539877114240081
0.539243136807842
0.539243136807842
0.544196350959914
0.544196350959914
0.54405627007123
0.542049374048667
0.55931684330259
0.570395589517911
0.570395589517911
0.570395589517911
0.597618797152696
0.58322424816515
0.58433858873079
0.585658822852072
0.590930070422887
0.61244588890063
0.612522535878459
0.612522535878459
0.637022896527379
0.637022896527379
0.637022896527379
0.637022896527379
0.681936877194378
0.659321816641748
0.652444690431081
0.652444690431081
0.678198165205513
0.677208952971558
0.683518935156856
0.704982671200672
0.704982671200672
0.736287525672021
0.736287525672021
0.770211088844853
0.793444642560709
0.784085228877042
0.76979746125923
0.76979746125923
0.790097018805428
0.790097018805428
0.804491683047549
0.804491683047549
0.866626620153361
0.866626620153361
0.866626620153361
0.866626620153361
0.906385273951354
0.888594287701911
0.862757814988495
0.862757814988495
0.840591878311838
0.840591878311838
0.840591878311838
0.840591878311838
0.869121641553569
0.874131140812675
0.874131140812675
0.874131140812675
0.972943183211271
0.939078793860689
0.939078793860689
0.899376834430958
0.921864258447522
0.921864258447522
0.921864258447522
0.946905476166445
0.984051939697281
0.966115407231291
0.966115407231291
0.966115407231291
1.11989915990596
1.07186575007778
1.07186575007778
1.01514867743244
1.01514867743244
1.01514867743244
1.01514867743244
1.09845337704817
1.04249185216863
1.04249185216863
1.04249185216863
1.04249185216863
1.21937014083162
1.21937014083162
1.13764197756743
1.13764197756743
1.05724250256778
1.05724250256778
1.09038157151903
1.15706595078489
1.15706595078489
1.15706595078489
1.15706595078489
1.11423730812551
1.34782827743212
1.34782827743212
1.24867189981177
1.24867189981177
1.16383690242034
1.21756446349065
1.21756446349065
1.21756446349065
1.21756446349065
1.30893616554122
1.30893616554122
1.19256109762451
1.47515707060443
1.47515707060443
1.47515707060443
1.45472037926922
1.45472037926922
1.33989449343266
1.33989449343266
1.33989449343266
1.33989449343266
1.33989449343266
1.33989449343266
1.33989449343266
1.36684718294803
1.36684718294803
1.48516448224848
1.38033000069774
1.48632696627496
1.36976114738725
1.36976114738725
1.36976114738725
1.36976114738725
1.36976114738725
1.36976114738725
1.34258328943217
1.61382500375684
1.61382500375684
1.61382500375684
1.50221508344815
1.50221508344815
1.49403020625773
1.49403020625773
1.49403020625773
1.49403020625773
1.49403020625773
1.49403020625773
1.62036803377205
1.92263791899056
1.92263791899056
1.76988701077045
1.64328088568362
1.77849918237322
1.77849918237322
1.77849918237322
1.77849918237322
1.77849918237322
1.77849918237322
1.77849918237322
1.77849918237322
2.32951631563678
2.32951631563678
2.32951631563678
2.15500749894538
2.15050849730947
2.15050849730947
2.15050849730947
2.15050849730947
2.15050849730947
2.15050849730947
2.39380918965939
2.39380918965939
2.70881744550984
2.65891962319901
2.65891962319901
2.6870171901234
2.6870171901234
2.6870171901234
2.6870171901234
2.6870171901234
2.6870171901234
2.6870171901234
2.6870171901234
2.6870171901234
2.96944829075112
2.83375427301015
2.83375427301015
3.22933947682075
3.22933947682075
3.22933947682075
3.22933947682075
3.22933947682075
3.22933947682075
3.22933947682075
3.22933947682075
3.22933947682075
3.37786694426605
3.37786694426605
3.37786694426605
3.41427485982255
3.41427485982255
3.41427485982255
3.41427485982255
3.41427485982255
3.41427485982255
3.41427485982255
3.41427485982255
3.41427485982255
3.48423909359479
3.48423909359479
3.48423909359479
3.46675480033377
3.46675480033377
3.46675480033377
3.46675480033377
3.46675480033377
3.46675480033377
3.46675480033377
3.17306668500383
3.17306668500383
3.72203713961255
3.72203713961255
3.72203713961255
3.72203713961255
3.31090248202051
3.31090248202051
3.71536908473873
3.71536908473873
3.71536908473873
3.71536908473873
3.71536908473873
3.71536908473873
4.21120238275493
4.06581742375237
4.06581742375237
4.06581742375237
3.62198809201521
3.62198809201521
3.62198809201521
3.62198809201521
4.04444714217069
4.04444714217069
4.04444714217069
4.04444714217069
4.58824228946474
4.58824228946474
4.58824228946474
4.58824228946474
3.90403985303024
3.90403985303024
3.90403985303024
4.39197320875895
4.39197320875895
4.39197320875895
4.39197320875895
4.39197320875895
4.86702270038272
4.86702270038272
4.67780357127906
4.67780357127906
4.19717785488313
4.19717785488313
4.19717785488313
4.19717785488313
4.19717785488313
4.73492328002697
4.73492328002697
4.73492328002697
5.10249097629059
5.10249097629059
5.10249097629059
5.10249097629059
4.35530013449872
4.35530013449872
4.35530013449872
4.35530013449872
4.35530013449872
4.35530013449872
4.90388832944781
4.90388832944781
5.3927401244378
5.06569793237629
5.06569793237629
5.06569793237629
4.55573785864523
4.55573785864523
4.55573785864523
4.55573785864523
4.55573785864523
4.55573785864523
4.55573785864523
5.13349904533502
5.73358713255735
5.35341267713367
5.35341267713367
5.35341267713367
4.81002321414778
4.81002321414778
4.81002321414778
4.81002321414778
4.81002321414778
4.81002321414778
4.81002321414778
4.81002321414778
5.47548138536364
6.05581682852014
6.05581682852014
5.75059506948744
5.15621724999335
5.15621724999335
5.15621724999335
5.15621724999335
5.15621724999335
5.15621724999335
5.15621724999335
5.15621724999335
5.7567512434359
5.7567512434359
5.5169120425984
5.5169120425984
5.04320038406928
5.5438087904617
5.5438087904617
5.5438087904617
5.5438087904617
5.5438087904617
5.5438087904617
5.5438087904617
6.20958624789363
5.88394669270936
5.88394669270936
6.58365088559244
5.97276802242899
5.97276802242899
5.97276802242899
5.97276802242899
5.97276802242899
5.97276802242899
5.97276802242899
5.97276802242899
6.50700579988755
6.50700579988755
6.07860605698429
6.07860605698429
6.21669503422744
6.21669503422744
6.21669503422744
6.21669503422744
6.21669503422744
6.21669503422744
6.21669503422744
6.21669503422744
6.78655452964987
6.28498050146978
6.28498050146978
6.28498050146978
5.80117586021411
6.40187627854903
6.40187627854903
6.40187627854903
6.40187627854903
6.40187627854903
6.40187627854903
6.40187627854903
6.78360933607838
6.78360933607838
6.78360933607838
6.78360933607838
5.86456854145698
5.86456854145698
5.86456854145698
6.44095121965955
6.44095121965955
6.44095121965955
6.44095121965955
6.44095121965955
6.9865863385271