2.593388
2.593388
2.593388
2.593388
2.593388
2.593388
2.593388
2.593388
2.593388
2.593388
2.593388
2.593388
2.542101
2.543407
2.541844
2.541116
2.541116
2.538581
2.538581
2.538581
2.538581
2.538581
2.538581
2.538581
2.518099
2.515293
2.517326
2.515188
2.515188
2.515622
2.515622
2.515622
2.515622
2.515622
2.515622
2.51816
2.485324
2.484111
2.486062
2.473306
2.467186
2.468297
2.467886
2.468839
2.47113
2.47829
2.471983
2.492617
2.478806
2.461173
2.491715
2.487265
2.497425
2.48581
2.495959
2.484424
2.483902
2.475087
2.476356
2.479814
2.414094
2.37979
2.398829
2.392325
2.420727
2.437177
2.439079
2.413606
2.424765
2.425675
2.425675
2.402739
2.372957
2.371897
2.423549
2.438154
2.422642
2.409898
2.409898
2.409898
2.424804
2.455795
2.422249
2.398078
2.428698
2.375702
2.414681
2.430927
2.387105
2.336495
2.39275
2.39275
2.351815
2.33899
2.33899
2.322841
2.351074
2.345387
2.373996
2.448751
2.406437
2.430339
2.460124
2.478605
2.487485
2.479737
2.479737
2.479737
2.459095
2.437675
2.462751
2.442273
2.464967
2.545376
2.504957
2.47665
2.463788
2.463788
2.463788
2.463788
2.455739
2.428263
2.468431
2.451327
2.456817
2.423566
2.457106
2.457106
2.462912
2.461097
2.461097
2.461097
2.456019
2.397004
2.432278
2.432278
2.389992
2.389992
2.443755
2.345678
2.356909
2.337311
2.337311
2.337311
2.335323
2.307241
2.34843
2.370308
2.370549
2.307066
2.337567
2.337567
2.371283
2.371283
2.371283
2.371283
2.424726
2.371314
2.418157
2.418157
2.453354
2.472344
2.512385
2.453589
2.453589
2.485832
2.485832
2.457949
2.599717
2.547858
2.607085
2.607085
2.645729
2.645729
2.753184
2.753184
2.773448
2.773448
2.773448
2.773448
2.745764
2.716403
2.794067
2.794067
2.811811
2.811811
2.811811
2.811811
2.884242
2.943073
2.943073
2.943073
2.867298
2.800453
2.800453
2.871696
2.878798
2.878798
2.878798
2.986126
2.947578
2.990108
2.990108
2.990108
2.870972
2.882055
2.882055
2.746886
2.746886
2.746886
2.746886
2.760247
2.662012
2.662012
2.662012
2.662012
2.532732
2.532732
2.611674
2.611674
2.643264
2.643264
2.695638
2.553765
2.553765
2.553765
2.553765
2.581648
2.44958
2.44958
2.542434
2.542434
2.56429
2.575962
2.575962
2.575962
2.575962
2.439525
2.439525
2.509867
2.36527
2.36527
2.36527
2.43507
2.43507
2.432494
2.432494
2.432494
2.432494
2.432494
2.432494
2.432494
2.378718
2.378718
2.345033
2.45454
2.359885
2.42709
2.42709
2.42709
2.42709
2.42709
2.42709
2.482003
2.329999
2.329999
2.329999
2.324788
2.324788
2.330479
2.330479
2.330479
2.330479
2.330479
2.330479
2.283056
2.174008
2.174008
2.265311
2.246045
2.099343
2.099343
2.099343
2.099343
2.099343
2.099343
2.099343
2.099343
1.984514
1.984514
1.984514
1.952351
1.873595
1.873595
1.873595
1.873595
1.873595
1.873595
1.720401
1.720401
1.657811
1.74392
1.74392
1.626832
1.626832
1.626832
1.626832
1.626832
1.626832
1.626832
1.626832
1.626832
1.581034
1.658418
1.658418
1.32598
1.32598
1.32598
1.32598
1.32598
1.32598
1.32598
1.32598
1.32598
1.306256
1.306256
1.306256
1.270377
1.270377
1.270377
1.270377
1.270377
1.270377
1.270377
1.270377
1.270377
1.203475
1.203475
1.203475
1.159505
1.159505
1.159505
1.159505
1.159505
1.159505
1.159505
1.159907
1.159907
1.134568
1.134568
1.134568
1.134568
1.127563
1.127563
1.059863
1.059863
1.059863
1.059863
1.059863
1.059863
1.075257
1.055344
1.055344
1.055344
1.025222
1.025222
1.025222
1.025222
0.974602
0.974602
0.974602
0.974602
0.9731002
0.9731002
0.9731002
0.9731002
0.9309289
0.9309289
0.9309289
0.9170359
0.9170359
0.9170359
0.9170359
0.9170359
0.8711305
0.8711305
0.8827025
0.8827025
0.8560466
0.8560466
0.8560466
0.8560466
0.8560466
0.8242632
0.8242632
0.8242632
0.8099509
0.8099509
0.8099509
0.8099509
0.7416613
0.7416613
0.7416613
0.7416613
0.7416613
0.7416613
0.7312745
0.7312745
0.7082949
0.6404781
0.6404781
0.6404781
0.6412826
0.6412826
0.6412826
0.6412826
0.6412826
0.6412826
0.6412826
0.6460238
0.6326761
0.5855458
0.5855458
0.5855458
0.5775569
0.5775569
0.5775569
0.5775569
0.5775569
0.5775569
0.5775569
0.5775569
0.5617805
0.5483212
0.5483212
0.548111
0.5413867
0.5413867
0.5413867
0.5413867
0.5413867
0.5413867
0.5413867
0.5413867
0.5282678
0.5282678
0.5055807
0.5055807
0.5210003
0.5315986
0.5315986
0.5315986
0.5315986
0.5315986
0.5315986
0.5315986
0.5155147
0.5115243
0.5115243
0.4921829
0.5225393
0.5225393
0.5225393
0.5225393
0.5225393
0.5225393
0.5225393
0.5225393
0.511072
0.511072
0.5075507
0.5075507
0.5156159
0.5156159
0.5156159
0.5156159
0.5156159
0.5156159
0.5156159
0.5156159
0.5050857
0.5137753
0.5137753
0.5137753
0.5256021
0.5295126
0.5295126
0.5295126
0.5295126
0.5295126
0.5295126
0.5295126
0.5275356
0.5275356
0.5275356
0.5275356
0.5589198
0.5589198
0.5589198
0.5482402
0.5482402
0.5482402
0.5482402
0.5482402
0.5635107