20.43169
20.43169
20.43169
20.43169
20.43169
20.43169
20.43169
20.43169
20.43169
20.43169
20.43169
20.43169
20.09096
20.09039
20.1643
20.13916
20.13916
20.18229
20.18229
20.18229
20.18229
20.18229
20.18229
20.18229
19.94736
19.96334
19.97655
19.97681
19.97681
20.00727
20.00727
20.00727
20.00727
20.00727
20.00727
20.05136
20.00687
20.00992
19.82574
19.87201
19.89848
19.9433
19.99592
19.96571
19.95001
19.91531
19.85022
19.948
19.91354
19.93868
19.91363
20.17206
20.27588
20.30889
20.29011
20.39215
20.26259
20.29966
20.09114
20.14586
20.23921
20.10559
19.80294
19.47343
19.49635
19.2862
19.27246
19.28739
19.39255
19.36757
19.36757
19.37624
19.57354
19.39376
19.67663
19.62562
19.49261
19.64153
19.64153
19.64153
19.56763
19.18867
19.09807
19.09699
18.77598
18.7309
18.64644
18.08933
17.64797
17.96309
17.60636
17.60636
17.62074
17.73167
17.73167
17.79039
17.47599
17.49594
16.81521
17.52214
17.89381
17.95416
17.64112
17.71293
17.36577
17.33914
17.33914
17.33914
17.12865
16.93348
16.59627
17.22631
17.66342
17.27261
17.35401
17.18458
16.27542
16.27542
16.27542
16.27542
16.09169
16.02923
15.68733
15.85003
17.05891
16.12542
16.32281
16.32281
16.65205
16.59086
16.59086
16.59086
16.40363
16.20752
16.34676
16.34676
15.51233
15.51233
15.86918
16.19559
16.27668
16.04651
16.04651
16.04651
15.95948
16.01915
16.18848
16.71511
16.5061
15.19137
15.443
15.443
15.31073
15.31073
15.31073
15.31073
15.45242
15.43509
15.56165
15.56165
15.64831
15.54229
15.60535
16.13656
16.13656
15.94041
15.94041
14.49832
14.87383
14.31275
14.77146
14.77146
14.62086
14.62086
14.58753
14.58753
14.47229
14.47229
14.47229
14.47229
15.36339
15.06851
15.10472
15.10472
15.18807
15.18807
15.18807
15.18807
15.16604
14.72092
14.72092
14.72092
15.70887
15.4042
15.4042
15.04883
15.2191
15.2191
15.2191
15.70822
15.48841
14.60093
14.60093
14.60093
16.20104
15.10835
15.10835
15.19893
15.19893
15.19893
15.19893
15.44416
15.01232
15.01232
15.01232
15.01232
17.37288
17.37288
15.95391
15.95391
15.15091
15.15091
16.20161
16.24974
16.24974
16.24974
16.24974
14.76403
14.75741
14.75741
13.59714
13.59714
12.94334
13.76385
13.76385
13.76385
13.76385
14.1684
14.1684
12.46042
13.03828
13.03828
13.03828
13.07917
13.07917
12.44572
12.44572
12.44572
12.44572
12.44572
12.44572
12.44572
10.9803
10.9803
11.35817
10.44476
11.31283
10.92302
10.92302
10.92302
10.92302
10.92302
10.92302
8.357477
9.973356
9.973356
9.973356
9.181693
9.181693
9.636405
9.636405
9.636405
9.636405
9.636405
9.636405
10.02489
11.31946
11.31946
10.98163
10.08745
10.85571
10.85571
10.85571
10.85571
10.85571
10.85571
10.85571
10.85571
12.99302
12.99302
12.99302
11.92233
12.39955
12.39955
12.39955
12.39955
12.39955
12.39955
13.07138
13.07138
14.99805
14.66247
14.66247
14.6946
14.6946
14.6946
14.6946
14.6946
14.6946
14.6946
14.6946
14.6946
16.57023
15.57698
15.57698
16.83847
16.83847
16.83847
16.83847
16.83847
16.83847
16.83847
16.83847
16.83847
17.3189
17.3189
17.3189
17.31968
17.31968
17.31968
17.31968
17.31968
17.31968
17.31968
17.31968
17.31968
17.32098
17.32098
17.32098
17.27247
17.27247
17.27247
17.27247
17.27247
17.27247
17.27247
15.08264
15.08264
15.81935
15.81935
15.81935
15.81935
13.95435
13.95435
15.74847
15.74847
15.74847
15.74847
15.74847
15.74847
16.20769
14.01232
14.01232
14.01232
12.41046
12.41046
12.41046
12.41046
14.00896
14.00896
14.00896
14.00896
14.03721
14.03721
14.03721
14.03721
10.72408
10.72408
10.72408
12.08716
12.08716
12.08716
12.08716
12.08716
13.00003
13.00003
10.92954
10.92954
9.701547
9.701547
9.701547
9.701547
9.701547
10.95901
10.95901
10.95901
12.35104
12.35104
12.35104
12.35104
9.936767
9.936767
9.936767
9.936767
9.936767
9.936767
11.18524
11.18524
12.38926
11.38456
11.38456
11.38456
10.01713
10.01713
10.01713
10.01713
10.01713
10.01713
10.01713
11.2877
12.46488
12.21202
12.21202
12.21202
10.74693
10.74693
10.74693
10.74693
10.74693
10.74693
10.74693
10.74693
12.14377
13.52355
13.52355
12.68545
11.14706
11.14706
11.14706
11.14706
11.14706
11.14706
11.14706
11.14706
12.86969
12.86969
11.7165
11.7165
10.45718
11.64865
11.64865
11.64865
11.64865
11.64865
11.64865
11.64865
14.03939
13.19214
13.19214
15.01315
13.18247
13.18247
13.18247
13.18247
13.18247
13.18247
13.18247
13.18247
15.03415
15.03415
14.32528
14.32528
14.30374
14.30374
14.30374
14.30374
14.30374
14.30374
14.30374
14.30374
14.56566
13.47156
13.47156
13.47156
11.99949
13.45214
13.45214
13.45214
13.45214
13.45214
13.45214
13.45214
14.04202
14.04202
14.04202
14.04202
11.11287
11.11287
11.11287
12.45414
12.45414
12.45414
12.45414
12.45414
13.10907