250
250
250
250
250
250
250
250
250
250
250
250
250
250
250
250
250
364
384
418
430
439
434
434
426
424
416
409
399
392
383
377
366
357
394
396
428
442
451
451
458
456
449
440
431
427
408
394
382
373
366
372
374
383
389
407
411
414
414
413
412
411
408
392
390
383
370
360
353
335
327
317
316
312
308
305
310
300
293
282
275
271
267
260
248
237
223
212
211
211
212
215
211
215
209
202
195
189
184
179
173
170
164
160
148
143
138
136
129
127
125
124
125
124
119
117
114
107
102
101
100
95
94
94
93
90
91
88
89
88
86
86
88
86
85
79
79
79
78
76
75
75
75
74
73
75
72
72
68
67
65
65
60
59
56
52
50
48
44
41
41
39
41
41
38
38
38
39
39
40
39
40
39
38
37
36
35
34
34
34
34
35
34
34
33
31
31
30
31
30
30
27
26
25
25
24
23
23
24
23
25
25
24
23
22
23
23
23
22
22
22
22
22
22
21
19
19
21
21
21
21
21
21
21
22
21
21
21
22
21
21
21
21
21
20
19
19
18
17
17
17
17
17
17
18
19
20
21
20
21
21
21
21
21
21
20
21
20
21
20
20
20
20
21
21
22
23
23
23
23
23
23
23
24
23
22
22
22
23
23
23
24
25
27
28
29
28
28
28
28
27
28