181.3203
181.3203
181.3203
181.3203
181.3203
181.3203
181.3203
181.3203
181.3203
181.3203
181.3203
181.3203
183.0906
183.0906
183.0906
183.0906
183.0906
180.7449
180.2208
181.5322
183.1844
182.302
182.2493
182.8673
182.8673
182.8673
182.8673
182.8673
182.8673
182.8673
183.4788
184.7426
185.3725
185.9879
185.9486
185.9703
184.4692
186.0844
185.0374
185.7829
186.2102
186.0867
187.1173
187.9361
188.1999
188.1999
188.8694
188.8694
189.9258
190.4041
190.7853
190.8075
191.8779
191.093
192.5055
192.2441
193.5337
194.6274
194.9587
194.3594
194.3684
193.506
193.2052
193.243
193.6206
194.1239
196.0615
195.9331
196.0498
195.7902
195.8062
196.7
195.7773
196.408
195.2685
195.6217
195.8879
196.387
197.5665
198.5059
198.989
199.351
199.8165
201.2315
202.8447
202.9149
203.9563
202.5141
203.2869
203.6349
203.9933
204.7045
204.7618
204.7903
206.2814
205.1145
204.3919
205.1016
204.2183
203.4629
204.7246
203.2565
203.9464
203.6387
203.9348
204.0414
204.4304
204.2977
204.3423
203.984
203.2524
203.537
204.7411
204.4871
204.4896
203.3536
203.6057
202.6752
203.2615
204.7516
204.99
205.1883
204.6421
205.5993
207.597
207.597
207.7121
209.2826
208.5845
208.3849
208.2359
208.0563
207.2775
206.5715
206.4047
205.3309
204.4031
203.4108
202.6252
199.7629
200.5207
200.4245
199.9133
199.8505
199.6153
200.6624
202.0961
201.0574
201.7325
201.5713
202.3716
199.303
199.2523
197.9668
197.2535
196.6336
195.9563
197.1352
198.4666
198.4135
199.3689
199.6518
199.4863
199.5809
198.5852
197.2724
197.8499
197.5337
197.0631
197.8261
198.7746
199.4676
199.1183
199.3264
199.3264
199.5235
199.3442
200.9142
199.6414
200.1014
202.6854
203.3246
202.1396
202.7876
202.7876
203.675
202.41
202.0555
199.0404
200.4156
200.5808
200.6581
203.483
202.6081
201.9049
201.4903
201.6549
200.8715
199.7096
200.9962
201.956
202.7012
202.7012
204.5213
204.6011
203.4753
201.1508
198.329
198.0309
197.7743
196.3782
197.5608
197.5467
197.5467
196.5885
197.6027
200.3683
198.8953
198.9379
198.43
198.43
199.8172
199.4293
196.9962
196.4743
196.8206
196.8206
195.2993
194.5882
193.8707
195.7249
196.6701
196.4414
196.5469
196.8921
196.8921
199.0886
198.0681
198.0681
198.3285
198.956
200.0159
199.6602
196.2704
196.5335
199.6398
199.7666
199.4739
199.2231
201.8887
201.1416
197.7733
197.8579
195.5853
194.4688
195.385
195.5181
196.7497
194.0488
194.0488
192.3549
192.7446
192.9046
192.3165
187.2687
186.0917
185.2749
185.2749
185.2034
185.2034
186.6539
188.8223
188.8223
188.8223
189.3553
192.6412
190.0895
190.8609
190.8609
189.5692
189.8224
189.8224
189.9099
189.9099
189.9908
188.1796
188.0702
188.0702
188.0702
186.9558
186.9558
185.1464